0.183390
0.183442
0.183564
0.183583
0.183635
0.183685
0.183757
0.183817
0.173685
0.173606
0.173757
0.173735
0.173791
0.173747
0.173629
0.174038
0.173682
0.173771
0.173761
0.173896
0.173755
0.173744
0.173814
0.173972
0.168575
0.168940
0.168837
0.168621
0.168684
0.169080
0.169147
0.168660
0.167375
0.167363
0.167290
0.167453
0.167443
0.167496
0.167479
0.167560
0.167262
0.167248
0.167291
0.167512
0.167479
0.167298
0.167366
0.167508
0.168655
0.168381
0.168756
0.168706
0.168886
0.168695
0.168729
0.168998
0.172696
0.172550
0.172773
0.173155
0.172899
0.173120
0.173285
0.173353
0.170879
0.170785
0.170873
0.171004
0.170666
0.171194
0.170863
0.170951
0.170087
0.170159
0.170266
0.169957
0.170085
0.170205
0.170107
0.169992