4100645822.000000
281581641.000000
283298304.000000
258587262.000000
275436222.000000
256248633.000000
263145771.000000
259320513.000000
258615096.000000
271154133.000000
268494966.000000

8711363418.000000
555114812.000000
534129684.000000
515236794.000000
523386909.000000
522592875.000000
507838500.000000
597245250.000000
517763553.000000
511406520.000000
512060868.000000

12368577625.000000
869904444.000000
780488049.000000
756795297.000000
773932446.000000
773903127.000000
755263746.000000
760599564.000000
771899850.000000
819690273.000000
775038912.000000

17696507876.000000
1058070970.000000
1044847590.000000
1064896950.000000
1118523402.000000
1034246976.000000
1025839590.000000
1031135907.000000
1042371048.000000
1026242994.000000
1035825213.000000

23936008328.000000
1377417506.000000
1305548892.000000
1284618534.000000
1288857795.000000
1277252352.000000
1285456986.000000
1277531691.000000
1286353407.000000
1310140482.000000
1296840159.000000

26698717837.000000
1592852356.000000
1617147012.000000
1559970423.000000
1558801764.000000
1538061567.000000
1528740795.000000
1570741257.000000
1575260940.000000
1563681840.000000
1568947029.000000

30903541731.000000
1848827566.000000
1885163775.000000
1772368515.000000
1779197937.000000
1781202333.000000
1771436892.000000
1779297891.000000
1781835657.000000
1802204631.000000
1771415529.000000

35144191324.000000
2274959255.000000
2030674746.000000
2034478059.000000
2041322235.000000
2032501242.000000
2040073869.000000
2063122329.000000
2034435969.000000
2034562968.000000
2038418622.000000