4804920480.000000
369531143.000000
302432946.000000
258788712.000000
262031964.000000
257535924.000000
264684813.000000
257348451.000000
265750455.000000
287389917.000000
258747102.000000

9510471540.000000
643498840.000000
510331818.000000
529137519.000000
513595662.000000
512591631.000000
516143706.000000
525213024.000000
511186605.000000
510040905.000000
517358535.000000

13911162306.000000
895154113.000000
767531508.000000
774446334.000000
764822805.000000
773097924.000000
775598238.000000
820311630.000000
790088892.000000
785928777.000000
791931465.000000

18539967621.000000
1108558505.000000
1154447079.000000
1150186482.000000
2434442943.000000
1660261125.000000
1202082135.000000
1199694999.000000
1178216673.000000
1277510415.000000
1555960002.000000

24327271108.000000
1380656630.000000
1294227933.000000
1293188829.000000
1287301515.000000
1289061348.000000
1362638067.000000
1311402366.000000
1287822699.000000
1282402440.000000
1287191382.000000

26793402613.000000
1659172043.000000
1546541805.000000
1535348619.000000
1543440012.000000
1538757624.000000
1546110009.000000
1544329503.000000
1540415340.000000
1541811549.000000
1536390759.000000

30890709003.000000
1985465411.000000
1796066631.000000
1791043692.000000
1794912315.000000
1830283395.000000
1796573268.000000
1791821238.000000
1791046107.000000
1800206950.000000
1783989503.000000

35059485347.000000
2190268428.000000
2039030628.000000
2040146658.000000
2033329974.000000
2047972686.000000
2054626062.000000
2049561690.000000
2032957617.000000
2129553309.000000
2037110985.000000