0.5852736627786724
8.523282950822777
8.471635608520975
9.281199628464297
8.713450912785175
9.36590362220586
9.120420179581757
9.254956240195314
9.280200719605324
8.85105446650153
8.938715074456926

0.5510044489800436
8.646859885986974
8.986581618257336
9.316104858769073
9.171035647741048
9.184970231367965
9.451823758931235
8.036899414436531
9.270640956065906
9.385879554292737
9.373885606115092

0.5821202904889398
8.276771143843014
9.224997114593872
9.513801193719628
9.303137550586683
9.30348999610645
9.533093622105357
9.466216312477401
9.327634925696643
8.783805587503903
9.289856145958257

0.5424799100063984
9.07311538846964
9.187942903710962
9.014956799341006
8.582743984466049
9.282115609492484
9.358188252414784
9.310120940245756
9.209772295978045
9.35450965914219
9.267972896890665

0.5013367239667347
8.711955487517958
9.191536275303276
9.341294463995332
9.310569441060796
9.395167666913798
9.335201512530423
9.39311336426174
9.328696091368926
9.159323114481094
9.253260640272938

0.5393517429531386
9.040385912578579
8.904570761436746
9.230944245921771
9.237864834748802
9.362434059182235
9.419517060771573
9.167646126200912
9.141342640032704
9.209034492592176
9.178130130485114

0.5436270103354388
9.08683984864384
8.911692566339495
9.47884136838213
9.442456991787756
9.431831347146568
9.483826421291445
9.4419265514658
9.42847895876404
9.321915897351836
9.483940794785704

0.5463207226193395
8.439711593867644
9.45498536278148
9.437309935619217
9.405668380425984
9.44648869247776
9.411423915454309
9.306282875289456
9.437505182056677
9.436916085656387
9.419066227506235