avg: 3576.191950        sd: 316.370321
avg: 3607.943998        sd: 282.372598
avg: 3669.511545        sd: 263.389008
avg: 3701.132273        sd: 196.819517
avg: 940.942874         sd: 43.861428
avg: 551.252356         sd: 4.400901
avg: 546.432820         sd: 6.659573
avg: 553.586225         sd: 4.242308
(1GB -> 8GB)

(1GB -> 8GB)
3863.217663
3618.490110
3410.766870
3335.870711
3698.060514
3706.396979
3674.820703
3626.069134
2807.875177
4020.351636

4093.903745
3152.531238
3468.523862
3331.927823
3668.224190
3399.936850
3682.303865
3806.909916
3480.170328
3995.008165

3975.821122
3932.284245
3703.537008
3633.633099
3377.514852
3133.035054
3796.925154
3558.475005
3571.938894
4011.951019

4007.846248
3323.437844
3674.609121
3620.245548
3685.998218
3615.592164
3876.294745
3588.441360
3623.656021
3995.201456

874.741358
932.968698
977.396751
948.952923
969.892294
985.530372
927.341532
972.638642
971.082289
848.883882

551.026178
550.977747
553.257130
558.635101
553.525578
552.142140
554.387482
551.351251
542.507289
544.713666

538.770539
542.982488
543.998243
546.054722
535.128359
549.988190
544.394799
551.168770
552.778859
559.063226

546.277932
550.973566
557.927564
556.526083
555.233317
560.176889
550.250396
556.628971
548.521530
553.345999