11267709.000000 64
6199281.000000  64
10041747.000000 64
7277030.000000  64
7180978.000000  64
7659783.000000  64
5767002.000000  64
8669285.000000  64
7700436.000000  64
6851812.000000  64
9282898.000000  64
8671583.000000  64
6786815.000000  64
6251702.000000  64
6589473.000000  64
9157009.000000  64
7788416.000000  64
7488671.000000  64
15512708.000000 64
6679702.000000  64
7256864.000000  64
6051554.000000  64
7207034.000000  64
6937003.000000  64
7104776.000000  64
4952845.000000  64
8382156.000000  64
6584040.000000  64
9845092.000000  64
7103807.000000  64
8821295.000000  64
7482776.000000  64
12683337.000000 64
6707730.000000  64
6280720.000000  64
16400077.000000 64
7675542.000000  64
9800542.000000  64
8118684.000000  64
9597478.000000  64
7651377.000000  64
16189462.000000 64
10145357.000000 64
11112602.000000 64
7294151.000000  64
13579391.000000 64
8499619.000000  64
6262957.000000  64
5923957.000000  64
8695454.000000  64
6710617.000000  64
7139405.000000  64
5663580.000000  64
11190999.000000 64
5993112.000000  64
6730419.000000  64
6636871.000000  64
7078842.000000  64
5849490.000000  64
8067315.000000  64
7472224.000000  64
7470365.000000  64
5307611.000000  64
7957850.000000  64
8982391.000000  64
6596209.000000  64
9032892.000000  64
5991614.000000  64
6294160.000000  64
6465743.000000  64
8977910.000000  64
9096057.000000  64
7561648.000000  64
6325163.000000  64
6697577.000000  64
7014067.000000  64
5754337.000000  64
6770085.000000  64
12663276.000000 64
8985717.000000  64
6438283.000000  64
8023853.000000  64
7634824.000000  64
6043787.000000  64
8451768.000000  64
6702518.000000  64
7399845.000000  64
7485531.000000  64
5266672.000000  64
8650622.000000  64
6519051.000000  64
5718283.000000  64
7554943.000000  64
6600927.000000  64
8556773.000000  64
6187294.000000  64
6885516.000000  64
8138181.000000  64
8276606.000000  64
6648940.000000  64