λ@ ~/D/C/project> net -c 10.0.0.149 2221
role: client
port: 10.0.0.149
addr: 2221
13918470.000000 64
6957576.000000  64
8278158.000000  64
8820018.000000  64
8204226.000000  64
8393154.000000  64
8628944.000000  64
6574540.000000  64
6771132.000000  64
5014088.000000  64
6170196.000000  64
6601666.000000  64
7612331.000000  64
17590644.000000 64
16536864.000000 64
19207670.000000 64
10980378.000000 64
9359094.000000  64
5833740.000000  64
7784078.000000  64
5808728.000000  64
5457680.000000  64
8087444.000000  64
5370384.000000  64
5433600.000000  64
7340842.000000  64
7853226.000000  64
6287292.000000  64
5933418.000000  64
9099396.000000  64
5646636.000000  64
7560942.000000  64
5931882.000000  64
11129352.000000 64
6577194.000000  64
8170338.000000  64
8302770.000000  64
5608190.000000  64
5766524.000000  64
9270352.000000  64
6783844.000000  64
13444890.000000 64
7110354.000000  64
8161920.000000  64
7148322.000000  64
8179770.000000  64
5453250.000000  64
5627334.000000  64
6305316.000000  64
8036592.000000  64
6670524.000000  64
9774822.000000  64
5760234.000000  64
9327780.000000  64
8106764.000000  64
7900229.000000  64
6330425.000000  64
5358200.000000  64
5288480.000000  64
7709892.000000  64
6458676.000000  64
7599340.000000  64
10119958.000000 64
8242158.000000  64
6902250.000000  64
9530346.000000  64
10911684.000000 64
13370514.000000 64
7657130.000000  64
6162548.000000  64
5719728.000000  64
5959210.000000  64
8079360.000000  64
5646987.000000  64
5665881.000000  64
5443288.000000  64
6623944.000000  64
7908252.000000  64
7157832.000000  64
5213516.000000  64
5745032.000000  64
5176532.000000  64
5141776.000000  64
7603658.000000  64
7230048.000000  64
5853528.000000  64
5273678.000000  64
6540628.000000  64
6696276.000000  64
5698880.000000  64
8705924.000000  64
4608216.000000  64
4739036.000000  64
4588068.000000  64
8441488.000000  64
5842296.000000  64
5129660.000000  64
5837188.000000  64
4919716.000000  64
5210104.000000  64
λ@ ~/D/C/project>
avg ping latency (ms): 3.115443470833333
              sd (ms): 1.0862625298587039