λ@ ~/D/C/project> net -c 10.0.0.149 2221
role: client
port: 10.0.0.149
addr: 2221
12010110.000000 64
7590696.000000  64
6063132.000000  64
7775850.000000  64
5807976.000000  64
5471166.000000  64
7819746.000000  64
5946996.000000  64
8380788.000000  64
8307456.000000  64
5532018.000000  64
5781506.000000  64
5653632.000000  64
10534080.000000 64
6549660.000000  64
5942256.000000  64
6930108.000000  64
12058992.000000 64
7730832.000000  64
5662302.000000  64
8450800.000000  64
5228920.000000  64
12793860.000000 64
5250504.000000  64
5553496.000000  64
5867592.000000  64
5846360.000000  64
8000306.000000  64
11040993.000000 64
15626523.000000 64
11710964.000000 64
8401712.000000  64
5801532.000000  64
7695666.000000  64
10592982.000000 64
6267252.000000  64
7547730.000000  64
6684672.000000  64
6180090.000000  64
7770780.000000  64
5626686.000000  64
5542496.000000  64
5604836.000000  64
5149498.000000  64
6852975.000000  64
5567490.000000  64
13802588.000000 64
7784028.000000  64
5872170.000000  64
8247918.000000  64
9689154.000000  64
8775426.000000  64
8095236.000000  64
7849242.000000  64
6077058.000000  64
6102606.000000  64
9847710.000000  64
6035016.000000  64
11474124.000000 64
7576233.000000  64
6043614.000000  64
5317926.000000  64
7026539.000000  64
5616843.000000  64
7785378.000000  64
6017698.000000  64
5165808.000000  64
6744056.000000  64
6365512.000000  64
8511672.000000  64
5471300.000000  64
5846292.000000  64
5160844.000000  64
9728949.000000  64
6067257.000000  64
4960182.000000  64
7129008.000000  64
5064330.000000  64
6888378.000000  64
6150588.000000  64
6419412.000000  64
8479710.000000  64
9173208.000000  64
7146210.000000  64
5689698.000000  64
6352680.000000  64
5813694.000000  64
7496262.000000  64
6311190.000000  64
7519278.000000  64
7784652.000000  64
6681234.000000  64
6371276.000000  64
5546324.000000  64
7811294.000000  64
5512112.000000  64
5235036.000000  64
9241424.000000  64
6743368.000000  64
5393924.000000  64
λ@ ~/D/C/project>
avg ping latency (ms): 3.021744525000001
              sd (ms): 0.8610199923953262