Ziliangs-MBP:cse221-project twincus$ ./net -c 10.0.0.2 2221
role: client
port: 10.0.0.2
addr: 2221
9658042.000000  64
7586510.000000  64
8601928.000000  64
7899183.000000  64
6530979.000000  64
6900997.000000  64
5230640.000000  64
6321142.000000  64
9082901.000000  64
8168537.000000  64
5275397.000000  64
6664730.000000  64
9066688.000000  64
8528122.000000  64
6124614.000000  64
4964959.000000  64
8268016.000000  64
6742366.000000  64
7501396.000000  64
9559871.000000  64
8652570.000000  64
6522202.000000  64
8175417.000000  64
7743570.000000  64
6865721.000000  64
9117052.000000  64
5861176.000000  64
7888089.000000  64
6056460.000000  64
9228021.000000  64
8675549.000000  64
10181928.000000 64
4998272.000000  64
8163945.000000  64
8226300.000000  64
6845528.000000  64
7711453.000000  64
7629475.000000  64
8707236.000000  64
6530479.000000  64
7190347.000000  64
6644312.000000  64
10327692.000000 64
8784218.000000  64
9336048.000000  64
6843872.000000  64
6700594.000000  64
7741823.000000  64
6102266.000000  64
7579364.000000  64
5688349.000000  64
6292960.000000  64
10001435.000000 64
9615036.000000  64
8136308.000000  64
8171413.000000  64
6293364.000000  64
5935205.000000  64
10107358.000000 64
10149534.000000 64
7268008.000000  64
9995291.000000  64
10024398.000000 64
8850843.000000  64
13375529.000000 64
14914199.000000 64
14769157.000000 64
8088968.000000  64
5509947.000000  64
7883723.000000  64
6909274.000000  64
6831264.000000  64
6508210.000000  64
6646652.000000  64
7500755.000000  64
7286078.000000  64
5766881.000000  64
5629700.000000  64
9965484.000000  64
7506516.000000  64
6273640.000000  64
6707257.000000  64
6553970.000000  64
5685168.000000  64
5619642.000000  64
6860525.000000  64
7931205.000000  64
7563043.000000  64
5237645.000000  64
8607854.000000  64
6319010.000000  64
6484592.000000  64
9056185.000000  64
6194116.000000  64
7641020.000000  64
7208696.000000  64
6950679.000000  64
16855632.000000 64
5870940.000000  64
6216872.000000  64
Ziliangs-MBP:cse221-project twincus$