61274.000000
61094.000000
61091.000000
61064.000000
61061.000000
61061.000000
61064.000000
61070.000000
61064.000000
61061.000000
61064.000000
61064.000000
61055.000000
61064.000000
61055.000000
61064.000000
61064.000000
61064.000000
61061.000000
61064.000000
61064.000000
61064.000000
61061.000000
61064.000000
61061.000000
61064.000000
450845.000000
61073.000000
61070.000000
61064.000000
61064.000000
61064.000000
61055.000000
61064.000000
61061.000000
61064.000000
61064.000000
61064.000000
61061.000000
61064.000000
61064.000000
61064.000000
61064.000000
61064.000000
61055.000000
61064.000000
61064.000000
61061.000000
61064.000000
61064.000000
61064.000000
61064.000000
61064.000000
61061.000000
61061.000000
61061.000000
61064.000000
61061.000000
61064.000000
61064.000000
61064.000000
61055.000000
61064.000000
61064.000000
61067.000000
61064.000000
61064.000000
61052.000000
61064.000000
61061.000000
61064.000000
61064.000000
61061.000000
61061.000000
62831.000000
61070.000000
61070.000000
61064.000000
61067.000000
61064.000000
61067.000000
61067.000000
61064.000000
61064.000000
61064.000000
389390.000000
61070.000000
61064.000000
61070.000000
61055.000000
61064.000000
61064.000000
61064.000000
61064.000000
61064.000000
61064.000000
61064.000000
61064.000000
61067.000000
61064.000000
61064.000000
61064.000000
61064.000000
61064.000000
61055.000000
61067.000000
61064.000000
61064.000000
61064.000000
61064.000000
61058.000000
61067.000000
61064.000000
61064.000000
61067.000000
61067.000000
61064.000000
61064.000000
61064.000000
61064.000000
61064.000000
61067.000000
61067.000000
61067.000000
61064.000000
61064.000000
61055.000000
61064.000000
61064.000000
61067.000000
61067.000000
61067.000000
61055.000000
61064.000000
61064.000000
61067.000000
61064.000000
61064.000000
61064.000000
61058.000000
61067.000000
61064.000000
268088.000000
61070.000000
61064.000000
61067.000000
61064.000000
62579.000000
61073.000000
61070.000000
61067.000000
61064.000000
61067.000000
61064.000000
61064.000000
61064.000000
61064.000000
61067.000000
61067.000000
61067.000000
61064.000000
61067.000000
61064.000000
61058.000000
61064.000000
61064.000000
61067.000000
61064.000000
61064.000000
61064.000000
61064.000000
61064.000000
61064.000000
61064.000000
61064.000000
271031.000000
63956.000000
61064.000000
62417.000000
61067.000000
61064.000000
61064.000000
61067.000000
61064.000000
61064.000000
61064.000000
61067.000000
61064.000000
61064.000000
61064.000000
61067.000000
61055.000000
61064.000000
61064.000000
61064.000000
61064.000000
61064.000000
61064.000000
61064.000000
61064.000000
61067.000000
61064.000000
61064.000000
61064.000000
61064.000000
61058.000000
61067.000000
61067.000000
61064.000000
61064.000000
61064.000000
61064.000000
61064.000000
61064.000000
61064.000000
61064.000000
61064.000000
61064.000000
61064.000000
61058.000000
62612.000000
61070.000000
61064.000000
61064.000000
61064.000000
61064.000000
61070.000000
61064.000000
61064.000000
61064.000000
76475.000000
61055.000000
61064.000000
61055.000000
61064.000000
61064.000000
61064.000000
61064.000000
61067.000000
61064.000000
61064.000000
61064.000000
61067.000000
61064.000000
61055.000000
61064.000000
61064.000000
61067.000000
61064.000000
61064.000000
61055.000000
61064.000000
61067.000000
61064.000000
61064.000000
61064.000000
61064.000000
61064.000000
61067.000000
61064.000000
61064.000000
61064.000000
61067.000000
61055.000000
61064.000000
61067.000000
61064.000000
61064.000000
61055.000000
61055.000000
61064.000000
61064.000000
61067.000000
61064.000000
61067.000000
61067.000000
61064.000000
61064.000000
61067.000000
61055.000000
61064.000000
61064.000000
61067.000000
61058.000000
61064.000000
61067.000000
61064.000000
61064.000000
61064.000000
61067.000000
61067.000000
61058.000000
61067.000000
62627.000000
61070.000000
61067.000000
61064.000000
61064.000000
61064.000000
61064.000000
61067.000000
61064.000000
61064.000000
61067.000000
61067.000000
61064.000000
61067.000000
61064.000000
61064.000000
61064.000000
61064.000000
61067.000000
61055.000000
61067.000000
61067.000000
61064.000000
61064.000000
61064.000000
61064.000000
61067.000000
61064.000000
61064.000000
61064.000000
61064.000000
61064.000000
61064.000000
61067.000000
61064.000000
61055.000000
61064.000000
61064.000000
61064.000000
61064.000000
61067.000000
61064.000000
61067.000000
61064.000000
61064.000000
61067.000000
593093.000000
61070.000000
61064.000000
61055.000000
61064.000000
61067.000000
61070.000000
61067.000000
61067.000000
61067.000000
61067.000000
61064.000000
61064.000000
61064.000000
61067.000000
61064.000000
61067.000000
61067.000000
61064.000000
61064.000000
61064.000000
61064.000000
61055.000000
61064.000000
61058.000000
61067.000000
61064.000000
62807.000000
61070.000000
61064.000000
61058.000000
61064.000000
61064.000000
61064.000000
61064.000000
61064.000000
61064.000000
61064.000000
61067.000000
61055.000000
61067.000000
61067.000000
61064.000000
61064.000000
61064.000000
61064.000000
61067.000000
61064.000000
61067.000000
61067.000000
61058.000000
61064.000000
61067.000000
61067.000000
61064.000000
61067.000000
61067.000000
61067.000000
61067.000000
61067.000000
61064.000000
61067.000000
61064.000000
61064.000000
61067.000000
61064.000000
61064.000000
61064.000000
61064.000000
61067.000000
61064.000000
61064.000000
61064.000000
61067.000000
61064.000000
61067.000000
61064.000000
61067.000000
61064.000000
61067.000000
61064.000000
61064.000000
61064.000000
61064.000000
61064.000000
61064.000000
61064.000000
61067.000000
61058.000000
61064.000000
61064.000000
61064.000000
61064.000000
61064.000000
61067.000000
61067.000000
61067.000000
61067.000000
61067.000000
61064.000000
62552.000000
61070.000000
61064.000000
61055.000000
61067.000000
61067.000000
61064.000000
61064.000000
61055.000000
61067.000000
61064.000000
61067.000000
61055.000000
61064.000000
61064.000000
61064.000000
61067.000000
61067.000000
61064.000000
61067.000000
61064.000000
61064.000000
61064.000000
61067.000000
61064.000000
61064.000000
61064.000000
61064.000000
61067.000000
61067.000000
61064.000000
61055.000000
61064.000000
61064.000000
61064.000000
61064.000000
61064.000000
61055.000000
61064.000000
61064.000000
61067.000000
61064.000000
61064.000000
61067.000000
61067.000000
61067.000000
61064.000000
61067.000000
61067.000000
61067.000000
61055.000000
61064.000000
61064.000000
61067.000000
61064.000000
61055.000000
61064.000000
253319.000000
61088.000000
61088.000000
61067.000000
61067.000000
61064.000000
61055.000000
61064.000000
61064.000000
61055.000000
61064.000000
61067.000000
61064.000000
61064.000000
61064.000000
61064.000000
62690.000000
61070.000000
61064.000000
61064.000000
61064.000000
61064.000000
61064.000000
61064.000000
61064.000000
61064.000000
61064.000000
61064.000000
61064.000000
61067.000000
61064.000000
61067.000000
61064.000000
75911.000000
61064.000000
61067.000000
61067.000000
61055.000000
61064.000000
61064.000000
61064.000000
61064.000000
61067.000000
61064.000000
61064.000000
61055.000000
61064.000000
61064.000000
61064.000000
61064.000000
61064.000000
61064.000000
61064.000000
61064.000000
61064.000000
61067.000000
61064.000000
61067.000000
61064.000000
61064.000000
61064.000000
61064.000000
61064.000000
61067.000000
61064.000000
61067.000000
61064.000000
61067.000000
61055.000000
61064.000000
61064.000000
61067.000000
61064.000000
61064.000000
61064.000000
61064.000000
61055.000000
61064.000000
61064.000000
61064.000000
61067.000000
61055.000000
61067.000000
61064.000000
61064.000000
61064.000000
61064.000000
61064.000000
61067.000000
62564.000000
61070.000000
61064.000000
61064.000000
61064.000000
61064.000000
61064.000000
61064.000000
61064.000000
61067.000000
61058.000000
61064.000000
61064.000000
61064.000000
61064.000000
61064.000000
61064.000000
61064.000000
61067.000000
61067.000000
61064.000000
61064.000000
61064.000000
61064.000000
61055.000000
61064.000000
61055.000000
61064.000000
61067.000000
61064.000000
61064.000000
61064.000000
61064.000000
61067.000000
61064.000000
61064.000000
61064.000000
61067.000000
61064.000000
61067.000000
61064.000000
61064.000000
61064.000000
61055.000000
61064.000000
61064.000000
61064.000000
61064.000000
61064.000000
61064.000000
61064.000000
61064.000000
61064.000000
61055.000000
61067.000000
61067.000000
61067.000000
61064.000000
61064.000000
61064.000000
61064.000000
61064.000000
61064.000000
61055.000000
61064.000000
61064.000000
61064.000000
61064.000000
61064.000000
61064.000000
61067.000000
61064.000000
61055.000000
62720.000000
61070.000000
61067.000000
61064.000000
61064.000000
61055.000000
61064.000000
61064.000000
61067.000000
61067.000000
61064.000000
61064.000000
61064.000000
61064.000000
61064.000000
61064.000000
61064.000000
61055.000000
61064.000000
61055.000000
61064.000000
61064.000000
61067.000000
61064.000000
61064.000000
61064.000000
61064.000000
61064.000000
61064.000000
61064.000000
61064.000000
61064.000000
61067.000000
61064.000000
61064.000000
61064.000000
61064.000000
61064.000000
61055.000000
61064.000000
61064.000000
61055.000000
61064.000000
61067.000000
61064.000000
61064.000000
61064.000000
61064.000000
61064.000000
61064.000000
61064.000000
61064.000000
61064.000000
61064.000000
61064.000000
61064.000000
61064.000000
61058.000000
61064.000000
61064.000000
61064.000000
61064.000000
61064.000000
61064.000000
61064.000000
61064.000000
61064.000000
61064.000000
61067.000000
61064.000000
61067.000000
61064.000000
61064.000000
61064.000000
62612.000000
61070.000000
61067.000000
61064.000000
61067.000000
61064.000000
61067.000000
61064.000000
61064.000000
61067.000000
61067.000000
61064.000000
61064.000000
61055.000000
61064.000000
61064.000000
61064.000000
61055.000000
61064.000000
61067.000000
61058.000000
61067.000000
61067.000000
61067.000000
61067.000000
61064.000000
61067.000000
61067.000000
61067.000000
61064.000000
61067.000000
61064.000000
61067.000000
61064.000000
61067.000000
61064.000000
61064.000000
61064.000000
61067.000000
61064.000000
61064.000000
61064.000000
61064.000000
61064.000000
61055.000000
61064.000000
61064.000000
61064.000000
61064.000000
61064.000000
61064.000000
61067.000000
61064.000000
61064.000000
61064.000000
61064.000000
61064.000000
61064.000000
61058.000000
61067.000000
61055.000000
61064.000000
61064.000000
61064.000000
61067.000000
61064.000000
61064.000000
61064.000000
61064.000000
61067.000000
61064.000000
61064.000000
61067.000000
62705.000000
61070.000000
61055.000000
61064.000000
61064.000000
235202.000000
63860.000000
61064.000000
61067.000000
61064.000000
61064.000000
61067.000000
61067.000000
61064.000000
61064.000000
61064.000000
61064.000000
61064.000000
61055.000000
61064.000000
61064.000000
61064.000000
61064.000000
72587.000000
61064.000000
61064.000000
61067.000000
61064.000000
61067.000000
61064.000000
61064.000000
61067.000000
61064.000000
61064.000000
61067.000000
61064.000000
61058.000000
61067.000000
61067.000000
61064.000000
61064.000000
61064.000000
61064.000000
61064.000000
61064.000000
61064.000000
61055.000000
61064.000000
61064.000000
61064.000000
231773.000000
61064.000000
61064.000000
61067.000000
61064.000000
61067.000000
61067.000000
61064.000000
61067.000000
61064.000000
61064.000000
61064.000000
61064.000000
61055.000000
61064.000000
61064.000000
61064.000000
61064.000000
61064.000000
61064.000000
61064.000000
61064.000000
61067.000000
62723.000000
61070.000000
61064.000000
61064.000000
61064.000000
61064.000000
61064.000000
61064.000000
61064.000000
61064.000000
61055.000000
61064.000000
61064.000000
61064.000000
61064.000000
61064.000000
61064.000000
61064.000000
61064.000000
61064.000000
61064.000000
61067.000000
61064.000000
61064.000000
61064.000000
61067.000000
61064.000000
61064.000000
61067.000000
61064.000000
61064.000000
61064.000000
61064.000000
61064.000000
61055.000000
61067.000000
61064.000000
61064.000000
61064.000000
61064.000000
61064.000000
61067.000000
61067.000000
61067.000000
61064.000000
61064.000000
61064.000000
61064.000000
61067.000000
61064.000000
61064.000000
61064.000000
61064.000000
61064.000000
61064.000000
61055.000000
61067.000000
61064.000000
61067.000000
61064.000000
61064.000000
61064.000000
61064.000000
61064.000000
61067.000000
61064.000000
61064.000000
61064.000000
61067.000000
61064.000000
61064.000000
61064.000000
61064.000000
62645.000000
61070.000000
61058.000000
61064.000000
61064.000000
61055.000000
61067.000000
61064.000000
61064.000000
61055.000000
61067.000000
61055.000000
15464501.000000
68837.000000
68813.000000
68804.000000
68804.000000
68804.000000
68804.000000
68801.000000
106610.000000
89702.000000
68813.000000
68804.000000
68804.000000
68804.000000
68804.000000
68801.000000
68804.000000
68804.000000
68801.000000
68804.000000
68804.000000
85073.000000
61064.000000
61061.000000
61061.000000
61061.000000
61064.000000
80351.000000
61067.000000
61064.000000
61064.000000
61064.000000
61064.000000
61061.000000
61064.000000
61061.000000
61052.000000