729930.000000
637444.500000
902827.500000
1986589.500000
816840.000000
667764.000000
830091.000000
626263.500000
635911.500000
634827.000000
613867.500000
625915.500000
642399.000000
639396.000000
621886.500000
630184.500000
631005.000000
732222.000000
638848.500000
824062.500000
659049.000000
623943.000000
627877.500000
639142.500000
631930.500000
834768.000000
662517.000000
618654.000000
627990.000000
630192.000000
629332.500000
616732.500000
635761.500000
658203.000000
620980.500000
626040.000000
645712.500000
629538.000000
820081.500000
632709.000000
642759.000000
626139.000000
629880.000000
639639.000000
620547.000000
640686.000000
769674.000000
659265.000000
10039815.000000
825066.000000
818344.500000
2236578.000000
904591.500000
811962.000000
779028.000000
731152.500000
705223.500000
719640.000000
811789.500000
868471.500000
692643.000000
691158.000000
692092.500000
666621.000000
691701.000000
673105.500000
682144.500000
663592.500000
668296.500000
646026.000000
645337.500000
884521.500000
651061.500000
651652.500000
656355.000000
633351.000000
638794.500000
826942.500000
680037.000000
646338.000000
652917.000000
654084.000000
645865.500000
856758.000000
658458.000000
673858.500000
650506.500000
6059835.000000
887229.000000
984552.000000
775642.500000
746763.000000
721548.000000
693495.000000
10449334.500000
907176.000000
937471.500000
995188.500000
785056.500000
718768.500000
699570.000000
696565.500000
934198.500000
3621950.500000
1906224.000000
891222.000000
796125.000000
737803.500000
958930.500000
729813.000000
708843.000000
682843.500000
1858688.000000
689370.000000
684454.500000
1215165.000000
728914.500000
671443.500000
690576.000000
8416621.500000
955626.000000
1026901.500000
799450.500000
5073285.000000
975573.000000
852882.000000
820638.000000
972141.000000
734971.500000
725406.000000
717072.000000
689595.000000
867852.000000
724677.000000
714700.500000
681207.000000
684738.000000
671340.000000
877270.500000
677848.500000
693165.000000
662911.500000
669054.000000
676144.500000
843279.000000
667690.500000
669552.000000
685683.000000
669888.000000
678205.500000
684900.000000
790435.500000
674523.000000
683493.000000
683172.000000
660378.000000
683767.500000
681753.000000
663870.000000
660043.500000
1281393.000000
935356.500000
805753.500000
5880987.000000
1126587.000000
833055.000000
799486.500000
773509.500000
746757.000000
722631.000000
901816.500000
731532.000000
693504.000000
694776.000000
698374.500000
685504.500000
699499.500000
703885.500000
713224.500000
683847.000000
681177.000000
878136.000000
688525.500000
680085.000000
690174.000000
698037.000000
675567.000000
850939.500000
875920.500000
686947.500000
673522.500000
677356.500000
686142.000000
691825.500000
685090.500000
683614.500000
672714.000000
668713.500000
845461.500000
1085830.500000
848304.000000
817657.500000
1044381.000000
4940410.500000
1013818.500000
841576.500000
815133.000000
766600.500000
763777.500000
762657.000000
713340.000000
707182.500000
717138.000000
957772.500000
698014.500000
700564.500000
719508.000000
703332.000000
1090315.500000
707494.500000
690493.500000
686602.500000
687672.000000
706737.000000
706297.500000
826753.500000
704347.500000
700966.500000
689589.000000
886501.500000
708646.500000
670905.000000
682861.500000
705954.000000
677371.500000
879910.500000
688620.000000
8289720.000000
1008091.500000
1031223.000000
861273.000000
5661616.500000
976479.000000
846739.500000
1014741.000000
805095.000000
755583.000000
767565.000000
721720.500000
901041.000000
732084.000000
711591.000000
702094.500000
707241.000000
717496.500000
714414.000000
698445.000000
705804.000000
689881.500000
689857.500000
880866.000000
834954.000000
701806.500000
694792.500000
705853.500000
699115.500000
704046.000000
717915.000000
712033.500000
687399.000000
687673.500000
868894.500000
689116.500000
687012.000000
684211.500000
710529.000000
8368999.500000
1002261.000000
885753.000000
815989.500000
2396202.000000
967773.000000
862156.500000
831175.500000
767064.000000
955279.500000
753532.500000
741055.500000
740514.000000
706099.500000
717075.000000
788311.500000
767847.000000
720540.000000
721462.500000
931573.500000
853563.000000
721104.000000
724078.500000
726384.000000
884131.500000
713899.500000
712582.500000
698913.000000
695146.500000
2017109.000000
777215.000000
698218.500000
699900.000000
722526.000000
701806.500000
8601672.000000
1002051.000000
1061665.500000
4119306.000000
1085049.000000
963849.000000
817905.000000
985953.000000
780417.000000
749785.500000
738867.000000
739179.000000
899814.000000
755118.000000
719878.500000
719013.000000
704401.500000
720888.000000
721227.000000
852315.000000
708960.000000
709336.500000
711841.500000
871734.000000
704232.000000
708715.500000
714915.000000
710154.000000
870457.500000
717525.000000
694981.500000
702807.000000
713287.500000
717120.000000
872632.500000
707470.500000
729814.500000
8718754.500000
924262.500000
845617.500000
812115.000000
1866198.000000
924355.500000
893986.500000
867760.500000
780640.500000
777405.000000
3863463.000000
760809.000000
746733.000000
2228295.000000
800532.000000
771342.000000
754039.500000
781422.000000
748615.500000
741285.000000
749109.000000
717130.500000
754554.000000
724198.500000
715956.000000
724074.000000
710794.500000
930804.000000
711496.500000
711055.500000
726663.000000
710305.500000
8622078.000000
1021932.000000
881119.500000
849573.000000
2468060.000000
1033971.000000
859501.500000
821014.500000
799545.000000
1064428.500000
765873.000000
758326.500000
761554.500000
733920.000000
749061.000000
867694.500000
726154.500000
3356018.500000
852190.000000
758332.500000
736702.500000
914754.000000
766891.500000
746097.000000
735637.500000
737638.500000
917940.000000
736305.000000
735583.500000
739486.500000
716922.000000
957409.500000
754374.000000
1093206.000000
1105554.000000
883537.500000
1852141.500000
981579.000000
874548.000000
838476.000000
800962.500000
817155.000000
814606.500000
1077510.000000
853450.500000
845677.500000
1017031.500000
796515.000000
796884.000000
753862.500000
752862.000000
769482.000000
746922.000000
742626.000000
739701.000000
916404.000000
741558.000000
743440.500000
752407.500000
728614.500000
909451.500000
761002.500000
729489.000000
741265.500000
10521900.000000
981489.000000
1945215.000000
1171530.000000
963874.500000
964375.500000
838222.500000
1003546.500000
805609.500000
798013.500000
907479.000000
948495.000000
771342.000000
781408.500000
760096.500000
766894.500000
773019.000000
777663.000000
752818.500000
757752.000000
769348.500000
746671.500000
753541.500000
751420.500000
740134.500000
2681810.500000
861984.000000
773583.000000
749997.000000
8812849.500000
995461.500000
1079668.500000
2811676.500000
1062996.000000
947907.000000
876942.000000
860403.000000
800293.500000
783400.500000
783583.500000
982876.500000
766470.000000
764749.500000
899542.500000
961770.000000
782145.000000
795034.500000
747912.000000
746556.000000
1137595.500000
763110.000000
759771.000000
765628.500000
761289.000000
775045.500000
758682.000000