1030175.000000
1005593.000000
1005323.000000
1005326.000000
1005332.000000
1005332.000000
1005332.000000
1005329.000000
1005332.000000
1222967.000000
1005338.000000
1005329.000000
1005329.000000
1005329.000000
1005326.000000
1005326.000000
1005329.000000
1005329.000000
1005329.000000
1476218.000000
1006862.000000
1221860.000000
1007033.000000
1006889.000000
1006856.000000
1118111.000000
1006913.000000
1006976.000000
1006781.000000
1027478.000000
1007012.000000
4143728.000000
1045577.000000
3253676.000000
1043285.000000
202222292.000000
1058021.000000
1041446.000000
1645832.000000
1005416.000000
1576859.000000
1005401.000000
43427039.000000
1043981.000000
1044677.000000
1053236.000000
1005326.000000
1005326.000000
2386280.000000
3811292.000000
1005407.000000
1005365.000000
1005326.000000
1005323.000000
1554281.000000
1005413.000000
1576319.000000
1030205.000000
4562154.000000
1169577.000000
1030142.000000
1033730.000000
1030145.000000
1030151.000000
20174381.000000
1240902.000000
2350187.000000
1030169.000000
1030157.000000
1832978.000000
1030217.000000
1030151.000000
1030160.000000
1030151.000000
1030145.000000
1030154.000000
1030157.000000
1544969.000000
1030229.000000
1044365.000000
1527809.000000
1030172.000000
1030145.000000
1030151.000000
1030154.000000
1030151.000000
1030160.000000
31287284.000000
1035578.000000
1030148.000000
1030187.000000
1030154.000000
1030148.000000
1030151.000000
1030160.000000
1030160.000000
74048801.000000
1068614.000000
1032308.000000
41464451.000000
1069010.000000
3475577.000000
1068785.000000
1070789.000000
1042100.000000
1409735.000000
24031976.000000
87203825.000000
1035875.000000
1370051.000000
1031705.000000
1047608.000000
1033265.000000
1033280.000000
1033301.000000
1134707.000000
10173110.000000
1177421.000000
1031756.000000
1031669.000000
1033367.000000
1033319.000000
1381367.000000
1049666.000000
1033376.000000
1033364.000000
1033400.000000
1273877.000000
1033412.000000
1033442.000000
22799597.000000
1035437.000000
1031720.000000
1031711.000000
1031645.000000
1031708.000000
1251008.000000
1031708.000000
1254956.000000
1031651.000000
1031702.000000
1031669.000000
1031720.000000
1031600.000000
1047836.000000
1034132.000000
28096718.000000
1068977.000000
1031606.000000
1031633.000000
1031672.000000
1031657.000000
1036934.000000
1036412.000000
1033388.000000
1244222.000000
1033409.000000
1033343.000000
1033313.000000
1033421.000000
1033355.000000
1033361.000000
1049297.000000
1259696.000000
1033382.000000
1086599.000000
2255054.000000
141960587.000000
1031801.000000
1031750.000000
15692594.000000
1066658.000000
1031861.000000
1459217.000000
1031831.000000
1031840.000000
1568195.000000
1031759.000000
1031741.000000
1033445.000000
1033373.000000
1033346.000000
1033361.000000
1227878.000000
1033454.000000
1033319.000000
1033460.000000
1033397.000000
1033328.000000
1033352.000000
1171499.000000
1033427.000000
1033412.000000
1033370.000000
1240829.000000
1033472.000000
1033493.000000
1033301.000000
1036583.000000
1033541.000000
1300955.000000
1033469.000000
6474608.000000
2138600.000000
1859801.000000
1031792.000000
1403528.000000
1031708.000000
1031663.000000
1031687.000000
1031735.000000
1031783.000000
1246379.000000
1031792.000000
1254326.000000
1031915.000000
1222181.000000
1031678.000000
1031699.000000
1034789.000000
1047389.000000
1031735.000000
1031690.000000
1031687.000000
1088957.000000
1031774.000000
1031708.000000
1033484.000000
1030160.000000
1030157.000000
2312603.000000
1031855.000000
1031849.000000
1031804.000000
1031819.000000
1473719.000000
1509404.000000
1031885.000000
8665604.000000
2021240.000000
1030163.000000
46705481.000000
1598507.000000
1030169.000000
1030160.000000
16696199.000000
1169594.000000
1064147.000000
1030148.000000
1030157.000000
1030160.000000
1701914.000000
1030208.000000
1030148.000000
1030151.000000
1030163.000000
1030151.000000
1030157.000000
1030154.000000
1030154.000000
1030163.000000
1030163.000000
1030148.000000
1581359.000000
4732130.000000
1149767.000000
1141472.000000
1033229.000000
1030154.000000
1030151.000000
1707746.000000
1030211.000000
1030160.000000
1030157.000000
1030154.000000
9973277.000000
2042507.000000
1030208.000000
1030154.000000
1030154.000000
1030151.000000
1745450.000000
1030214.000000
1778093.000000
1030223.000000
78069086.000000
1030190.000000
1030196.000000
1030157.000000
1030157.000000
1030160.000000
1041818.000000
1030154.000000
1030151.000000
1704383.000000
1033649.000000
1033814.000000
1033598.000000
1033544.000000
1033487.000000
1033499.000000
1033529.000000
1130522.000000
1069994.000000
1059944.000000
1031666.000000
1031606.000000
1036502.000000
1035017.000000
1360061.000000
1032014.000000
1031717.000000
1031831.000000
1031759.000000
1048685.000000
1031756.000000
1031675.000000
1031753.000000
1122605.000000
1283138.000000
4670495.000000
998738.000000
998705.000000
998681.000000
998816.000000
998795.000000
1003415.000000
1329128.000000
998897.000000
998615.000000
1001861.000000
998546.000000
1000244.000000
1026560.000000
1000397.000000
1000259.000000
1000169.000000
1000139.000000
1136369.000000
1059968.000000
1000283.000000
1000358.000000
1000238.000000
1000235.000000
1000163.000000
1000214.000000
1000448.000000
1000298.000000
1337624.000000
1000265.000000
1000283.000000
1000208.000000
1000307.000000
1003565.000000
1003127.000000
1000121.000000
1248434.000000
1014737.000000
1000301.000000
1000106.000000
1000190.000000
1000079.000000
1000115.000000
1000178.000000
1000241.000000
1000343.000000
1000148.000000
1416428.000000
1000304.000000
7937393.000000
2409479.000000
1035653.000000
1048055.000000
999137.000000
1002176.000000
998855.000000
998990.000000
1050434.000000
1469879.000000
998624.000000
998516.000000
998438.000000
998708.000000
998546.000000
998825.000000
998732.000000
1000160.000000
1017332.000000
1261565.000000
1000283.000000
1000364.000000
1055747.000000
1000256.000000
1000136.000000
1000223.000000
1000199.000000
1000184.000000
1000295.000000
1003448.000000
1211483.000000
1000298.000000
1000253.000000
1000079.000000
1000172.000000
1000304.000000
1000307.000000
1000223.000000
1013918.000000
1000151.000000
1000289.000000
1219496.000000
1000226.000000
1000145.000000
16257650.000000
1113971.000000
998966.000000
999020.000000
998903.000000
998633.000000
1385507.000000
998714.000000
998663.000000
7089596.000000
998738.000000
1286654.000000
998774.000000
998630.000000
998561.000000
1006325.000000
1014092.000000
998678.000000
998639.000000
998606.000000
998696.000000
998534.000000
1269347.000000
998831.000000
998612.000000
242570240.000000
1032929.000000
4379738.000000
1106840.000000
1000577.000000
997052.000000
997043.000000
11127398.000000
997109.000000
997085.000000
1798493.000000
997118.000000
997091.000000
997052.000000
997058.000000
997046.000000
997052.000000
1362509.000000
997136.000000
997082.000000
997085.000000
1505747.000000
997103.000000
997085.000000
997037.000000
1312703.000000
997130.000000
997046.000000
997043.000000
997046.000000
1000028.000000
1255412.000000
997127.000000
1549334.000000
997103.000000
1450928.000000
997112.000000
997052.000000
997055.000000
997055.000000
997043.000000
997049.000000
1412306.000000
1008326.000000
1539653.000000
997070.000000
997055.000000
997055.000000
997043.000000
997058.000000
16415285.000000
1133543.000000
1074281.000000
1729202.000000
997112.000000
997055.000000
997052.000000
997055.000000
1001312.000000
997049.000000
997052.000000
997055.000000
997052.000000
997055.000000
997052.000000
7272596.000000
997103.000000
1010489.000000
997052.000000
1517930.000000
997136.000000
1430027.000000
998564.000000
998624.000000
998741.000000
998702.000000
998510.000000
1007123.000000
998570.000000
998579.000000
6791432.000000
1869335.000000
1676354.000000
1365848.000000
1010552.000000
1386659.000000
998723.000000
998690.000000
998696.000000
998681.000000
998645.000000
998822.000000
998729.000000
998693.000000
998615.000000
998639.000000
1178672.000000
998813.000000
998585.000000
1007792.000000
1013876.000000
998618.000000
998675.000000
998666.000000
1055057.000000
998774.000000
998552.000000
999821.000000
998714.000000
1213544.000000
998690.000000
998597.000000
998696.000000
998699.000000
998762.000000
998678.000000
998744.000000
1180628.000000
998678.000000
998666.000000
1125014.000000
998771.000000
998726.000000
998684.000000
998639.000000
998561.000000
998639.000000
18782294.000000
1124669.000000
1047548.000000
1007204.000000
1007213.000000
1007348.000000
1007186.000000
1007231.000000
1342082.000000
1007486.000000
1014842.000000
1007000.000000
1006913.000000
1006943.000000
1088294.000000
1006937.000000
1238219.000000
1007042.000000
1265369.000000
1010093.000000
1006880.000000
1006976.000000
1006862.000000
1006847.000000
1044200.000000
2028651.000000
1493486.000000
1043552.000000
1043828.000000
1007336.000000
1007018.000000
1007069.000000
1007024.000000
3789686.000000
1077473.000000
1043177.000000
1034303.000000
1006853.000000
1006856.000000
1006916.000000
1045754.000000
1006955.000000
1006823.000000
1345289.000000
1063001.000000
1007105.000000
1006928.000000
1006895.000000
1006862.000000
1006850.000000
1006892.000000
1006874.000000
1006865.000000
1006922.000000
1338416.000000
1006865.000000
1006964.000000
1076228.000000
1006907.000000
1546661.000000
4572230.000000
1218137.000000
1041849.000000
16238696.000000
1144304.000000
1031864.000000
1006943.000000
1007090.000000
1006904.000000
1007327.000000
1012994.000000
1006925.000000
1006961.000000
1006979.000000
1007009.000000
1006940.000000
1006946.000000
1013750.000000
1007069.000000
1232303.000000
1007009.000000
1007000.000000
1007006.000000
1021040.000000
1006856.000000
1007045.000000
70605731.000000
1005371.000000
1005323.000000
1005329.000000
1005326.000000
1005329.000000
1005326.000000
16961483.000000
1925615.000000
1005374.000000
1005356.000000
1005332.000000
1005329.000000
1005329.000000
1005329.000000
1005329.000000
1005329.000000
1005329.000000
1005329.000000
1005329.000000
1521338.000000
1007123.000000
1007072.000000
1007039.000000
1194644.000000
1007015.000000
1006973.000000
1006982.000000
1006979.000000
1022582.000000
1006985.000000
1006982.000000
63740252.000000
1674530.000000
1005332.000000
1005329.000000
1005326.000000
1005323.000000
1020167.000000
1005329.000000
1005326.000000
1005326.000000
1005329.000000
1005329.000000
1005329.000000
96965318.000000
4871915.000000
1213877.000000
1514906.000000
1005335.000000
1005329.000000
1005317.000000
1005332.000000
1005332.000000
1005323.000000
1005341.000000
1005329.000000
1020098.000000
1005326.000000
1005329.000000
1459505.000000
1007060.000000
1007015.000000
1007030.000000
16005755.000000
1120868.000000
8625809.000000
1716311.000000
1623707.000000
1005335.000000
1005341.000000
1559957.000000
1644794.000000
1005380.000000
1391939.000000
1005416.000000
1005329.000000
1021478.000000
1005329.000000
1005329.000000
1005329.000000
1005314.000000
1005326.000000
1453235.000000
1005395.000000
1005329.000000
1005326.000000
1005329.000000
1005329.000000
1261478.000000
1006928.000000
1006856.000000
1006940.000000
1006886.000000
1188983.000000
1087640.000000
1006910.000000
1007111.000000
1006931.000000
1020080.000000
1006877.000000
1006961.000000
1006964.000000
1006922.000000
1006895.000000
1211624.000000
1007165.000000
1007033.000000
1006763.000000
1006952.000000
1006823.000000
1007069.000000
1006862.000000
1007021.000000
1340678.000000
1015853.000000
1190579.000000
1006901.000000
1006856.000000
1019687.000000
1007063.000000
1006970.000000
1006913.000000
1006895.000000
1128368.000000
1007111.000000
1006907.000000
1208720.000000
1008602.000000
1008650.000000
1008518.000000
1008470.000000
1008554.000000
1008497.000000
1008590.000000
1008581.000000
1008494.000000
1008530.000000
1189571.000000
1023551.000000
1008776.000000
1008716.000000
1008662.000000
1008440.000000
1008542.000000
1008494.000000
16007024.000000
1142462.000000
1030310.000000
1008956.000000
1008761.000000
1008629.000000
1008683.000000
1008563.000000
1008587.000000
1008581.000000
1008569.000000
1282553.000000
1008788.000000
1008551.000000
1008680.000000
1008752.000000
1008668.000000
1008659.000000
1008608.000000
1008629.000000
1066112.000000
1265360.000000
1008734.000000
1008845.000000
1009364.000000
1140746.000000
1008545.000000
1008590.000000
1428650.000000
1473641.000000
1006943.000000
6981605.000000
1636931.000000
1734758.000000
1624034.000000
1032248.000000
1031996.000000
33109469.000000
1058792.000000
1034843.000000
1059446.000000
1058324.000000
1059602.000000
1059740.000000
1036217.000000
1059770.000000
1059677.000000
1058606.000000
18276743.000000
1194809.000000
1057505.000000
1058039.000000
1058267.000000
1057919.000000
1428842.000000
1058906.000000
1059572.000000
1032038.000000
1058111.000000
1252005.000000
1175219.000000
1152419.000000
1059140.000000
1059056.000000
1060010.000000
1058117.000000
1059254.000000
1059515.000000
1314413.000000
1058996.000000
1058489.000000
1059698.000000
13532774.000000
1093745.000000
1097258.000000
1058966.000000
1057466.000000
1057994.000000
1032137.000000
1059023.000000
15311927.000000
2070662.000000
1095038.000000
1089623.000000
1435394.000000
1059224.000000
1058339.000000
1058120.000000
1059479.000000
1059254.000000
1058420.000000
1058762.000000
1058180.000000
1075040.000000
1292162.000000
1030211.000000
1030160.000000
1030145.000000
1030160.000000
1030157.000000
16483826.000000
1191095.000000
1275569.000000
1613393.000000
1030229.000000
1438934.000000
1030205.000000
1030148.000000
1030151.000000
1030160.000000
1030160.000000
1030163.000000
1030160.000000
1030154.000000
1514546.000000
1031846.000000
1031807.000000
1031807.000000
1031804.000000
1031795.000000
1031804.000000
1031807.000000
1046516.000000
1031807.000000
1031807.000000
1605767.000000
1031855.000000
1031840.000000
1577633.000000
1032701.000000
1032638.000000
1032656.000000
1032662.000000
1032629.000000
1032626.000000
8799662.000000
1859186.000000
2216114.000000
1030238.000000
2411489.000000
1030205.000000
1030148.000000
1030157.000000
1030157.000000
1030160.000000
1030154.000000
1030151.000000
1503395.000000
1031888.000000
1540682.000000
1032740.000000
1032674.000000
1032335.000000
1031831.000000
1047062.000000
1031816.000000
1031822.000000
1031873.000000
1338191.000000
1031978.000000
1031849.000000
1486055.000000
1031858.000000
1248011.000000
1031876.000000
1031810.000000
1031801.000000
1031807.000000
1031810.000000
1546391.000000
1030205.000000
1030160.000000
1576565.000000
1030229.000000
1030160.000000
1042292.000000
1030151.000000
1030151.000000
1030157.000000
1030157.000000
1030151.000000
1030148.000000
1030145.000000
16813241.000000
1698356.000000
1030232.000000
1030157.000000
1030160.000000
1030160.000000
1030157.000000
1030160.000000
1030160.000000
1639013.000000
1030214.000000
1030151.000000
1030157.000000
1030151.000000
1030157.000000
1030148.000000
1030148.000000
1030151.000000
1030151.000000
1030148.000000