41072.000000
40832.000000
40742.000000
40745.000000
40622.000000
40715.000000
379724.000000
40739.000000
40661.000000
38726.000000
40625.000000
40625.000000
40622.000000
40706.000000
40640.000000
40712.000000
40712.000000
40715.000000
40709.000000
40628.000000
40631.000000
40475.000000
40619.000000
40472.000000
40697.000000
40628.000000
40709.000000
40712.000000
40706.000000
40493.000000
40712.000000
40706.000000
40619.000000
40715.000000
2303024.000000
147593.000000
112148.000000
46148.000000
45986.000000
46019.000000
46109.000000
46010.000000
46016.000000
46025.000000
46034.000000
46112.000000
43892.000000
46016.000000
46124.000000
46016.000000
43892.000000
46127.000000
46031.000000
46019.000000
46121.000000
46019.000000
46103.000000
65690.000000
40634.000000
40712.000000
40709.000000
40628.000000
40604.000000
40712.000000
38723.000000
40721.000000
40445.000000
40622.000000
40709.000000
40601.000000
40625.000000
40604.000000
40721.000000
40325.000000
40616.000000
38732.000000
40625.000000
40715.000000
40709.000000
39965.000000
40637.000000
40730.000000
40622.000000
40712.000000
40715.000000
40712.000000
40736.000000
39965.000000
40637.000000
40715.000000
40715.000000
40712.000000
40718.000000
39965.000000
40622.000000
40715.000000
40712.000000
40715.000000
40622.000000
39974.000000
40625.000000
40715.000000
40625.000000
40625.000000
39965.000000
40622.000000
40715.000000
40718.000000
40622.000000
40715.000000
40715.000000
40622.000000
40703.000000
40625.000000
40622.000000
40712.000000
40709.000000
40622.000000
40706.000000
40667.000000
40709.000000
40625.000000
40622.000000
40640.000000
40625.000000
40712.000000
40622.000000
40628.000000
40622.000000
40712.000000
40712.000000
40715.000000
40715.000000
40715.000000
40730.000000
40622.000000
40715.000000
40715.000000
40715.000000
40715.000000
40715.000000
40712.000000
40715.000000
40712.000000
40730.000000
40625.000000
42332.000000
40616.000000
38723.000000
40613.000000
40709.000000
40712.000000
40637.000000
40712.000000
40721.000000
40616.000000
40466.000000
38729.000000
40469.000000
38762.000000
40451.000000
40730.000000
40625.000000
40604.000000
38729.000000
40625.000000
40460.000000
38759.000000
38735.000000
40622.000000
40718.000000
40625.000000
40613.000000
38729.000000
40718.000000
38762.000000
38729.000000
38738.000000
385709.000000
43436.000000
38735.000000
40616.000000
40613.000000
40616.000000
40640.000000
38723.000000
40721.000000
40625.000000
40625.000000
40625.000000
40625.000000
40622.000000
40724.000000
40715.000000
40709.000000
40622.000000
40727.000000
40706.000000
40715.000000
40622.000000
40454.000000
40625.000000
40712.000000
40718.000000
40622.000000
40706.000000
40631.000000
40622.000000
40724.000000
40712.000000
40715.000000
40706.000000
40622.000000
40709.000000
40631.000000
39962.000000
40715.000000
40709.000000
40625.000000
42311.000000
38747.000000
40652.000000
40715.000000
40637.000000
40637.000000
40610.000000
40715.000000
40625.000000
40625.000000
40625.000000
40634.000000
40715.000000
40709.000000
40625.000000
40622.000000
40712.000000
40715.000000
40715.000000
40709.000000
40625.000000
40643.000000
40634.000000
40712.000000
40715.000000
40724.000000
40712.000000
38738.000000
40712.000000
40616.000000
38753.000000
40472.000000
40700.000000
40715.000000
40715.000000
40712.000000
40709.000000
40475.000000
40622.000000
40709.000000
40484.000000
40718.000000
40628.000000
40622.000000
40715.000000
40709.000000
40625.000000
40625.000000
40637.000000
40715.000000
40712.000000
40712.000000
40703.000000
40622.000000
40625.000000
40703.000000
40724.000000
40625.000000
38732.000000
40715.000000
38723.000000
38723.000000
38744.000000
40616.000000
40622.000000
40712.000000
38723.000000
40709.000000
40484.000000
38723.000000
40712.000000
40712.000000
40715.000000
40454.000000
42197.000000
40718.000000
40631.000000
40631.000000
40625.000000
40709.000000
38735.000000
40721.000000
40709.000000
40709.000000
40478.000000
40718.000000
40466.000000
40718.000000
40628.000000
40631.000000
40616.000000
40625.000000
40637.000000
40721.000000
40625.000000
40619.000000
38744.000000
40628.000000
40472.000000
40634.000000
40709.000000
40640.000000
40721.000000
40616.000000
38735.000000
40721.000000
40706.000000
40706.000000
40706.000000
40631.000000
40622.000000
38762.000000
40622.000000
40718.000000
40634.000000
40724.000000
38759.000000
40718.000000
40637.000000
38753.000000
40709.000000
40628.000000
38732.000000
40628.000000
40469.000000
40721.000000
40628.000000
252152.000000
40487.000000
40712.000000
40628.000000
38753.000000
38732.000000
38735.000000
40469.000000
40718.000000
40616.000000
40616.000000
39965.000000
40625.000000
40460.000000
38744.000000
40631.000000
40625.000000
40625.000000
40616.000000
40475.000000
40448.000000
40622.000000
40709.000000
40613.000000
40625.000000
56270.000000
40616.000000
40712.000000
40613.000000
40697.000000
40625.000000
40712.000000
40709.000000
40628.000000
40625.000000
40484.000000
40718.000000
40622.000000
40703.000000
40454.000000
40721.000000
40622.000000
40715.000000
40715.000000
40730.000000
40625.000000
39965.000000
40625.000000
255791.000000
40700.000000
40634.000000
40700.000000
40625.000000
38723.000000
40475.000000
40706.000000
40715.000000
40715.000000
40712.000000
40724.000000
40712.000000
38753.000000
40706.000000
40625.000000
40622.000000
40715.000000
40715.000000
40712.000000
40715.000000
40625.000000
40625.000000
40625.000000
40472.000000
40631.000000
40622.000000
40718.000000
40625.000000
40706.000000
40715.000000
40622.000000
40625.000000
40712.000000
40712.000000
40715.000000
38729.000000
40622.000000
40712.000000
40715.000000
40700.000000
40712.000000
40700.000000
40712.000000
38729.000000
42332.000000
40619.000000
40718.000000
40640.000000
38729.000000
40469.000000
40718.000000
40613.000000
40622.000000
40622.000000
40634.000000
40625.000000
40721.000000
40715.000000
38729.000000
40631.000000
40628.000000
40481.000000
38729.000000
40466.000000
38735.000000
40616.000000
40622.000000
40628.000000
40616.000000
40616.000000
40646.000000
40622.000000
40709.000000
40625.000000
40640.000000
38735.000000
40622.000000
40709.000000
38744.000000
40718.000000
40700.000000
40622.000000
40628.000000
40622.000000
38735.000000
40628.000000
40625.000000
40628.000000
40631.000000
40628.000000
40625.000000
38741.000000
38735.000000
40622.000000
40631.000000
40625.000000
40469.000000
40721.000000
40466.000000
40712.000000
38729.000000
40628.000000
40628.000000
38744.000000
40712.000000
40625.000000
38759.000000
40616.000000
40625.000000
40613.000000
375377.000000
40631.000000
40646.000000
40628.000000
40619.000000
40481.000000
40712.000000
42323.000000
40634.000000
40721.000000
40631.000000
40628.000000
40622.000000
40706.000000
40622.000000
40718.000000
40646.000000
40475.000000
40730.000000
40703.000000
38729.000000
40715.000000
40730.000000
39965.000000
40625.000000
40463.000000
40724.000000
40706.000000
40625.000000
40622.000000
40715.000000
38759.000000
40730.000000
40484.000000
40475.000000
40481.000000
40718.000000
40454.000000
38723.000000
40625.000000
40625.000000
40475.000000
40625.000000
38753.000000
40622.000000
40625.000000
38723.000000
40622.000000
38723.000000
40709.000000
40643.000000
40625.000000
40622.000000
40733.000000
40625.000000
40637.000000
38723.000000
40709.000000
40631.000000
40628.000000
40622.000000
40712.000000
40709.000000
40625.000000
40628.000000
39962.000000
40715.000000
40715.000000
40622.000000
39962.000000
40622.000000
40622.000000
40454.000000
40715.000000
40709.000000
40625.000000
40622.000000
40715.000000
40721.000000
40622.000000
42284.000000
40712.000000
40718.000000
40628.000000
40628.000000
40637.000000
40712.000000
40709.000000
40631.000000
40625.000000
40622.000000
40709.000000
40643.000000
38723.000000
40625.000000
40709.000000
38723.000000
40634.000000
40709.000000
40481.000000
40625.000000
40637.000000
40709.000000
40622.000000
229901.000000
43478.000000
40616.000000
40637.000000
40706.000000
40637.000000
40718.000000
40637.000000
40709.000000
40625.000000
40628.000000
39962.000000
40703.000000
40625.000000
40709.000000
40715.000000
39965.000000
40715.000000
40628.000000
40475.000000
98450.000000
40628.000000
40631.000000
40463.000000
40709.000000
40484.000000
40715.000000
40706.000000
40625.000000
40643.000000
40622.000000
40715.000000
40730.000000
40622.000000
40721.000000
40622.000000
40730.000000
40634.000000
40712.000000
40472.000000
40712.000000
40622.000000
40622.000000
40622.000000
40715.000000
40712.000000
40709.000000
40622.000000
40715.000000
42260.000000
40622.000000
40721.000000
40481.000000
40721.000000
40634.000000
40727.000000
38729.000000
40625.000000
40634.000000
38738.000000
40712.000000
40715.000000
40721.000000
40622.000000
40463.000000
40625.000000
40709.000000
38723.000000
40631.000000
40622.000000
38723.000000
40715.000000
40730.000000
40625.000000
40634.000000
38723.000000
40625.000000
40634.000000
40730.000000
40625.000000
40634.000000
40715.000000
40730.000000
40628.000000
40622.000000
40712.000000
40712.000000
40715.000000
40709.000000
40700.000000
40712.000000
40628.000000
40715.000000
40622.000000
40712.000000
40712.000000
40730.000000
40625.000000
40622.000000
40721.000000
40481.000000
40721.000000
40625.000000
40454.000000
40715.000000
40622.000000
40712.000000
40715.000000
40706.000000
40484.000000
40715.000000
40712.000000
40712.000000
40709.000000
40712.000000
40634.000000
40622.000000
40625.000000
40715.000000
38744.000000
40625.000000
40616.000000
42206.000000
40622.000000
40730.000000
40616.000000
40628.000000
40625.000000
40625.000000
40469.000000
38729.000000
40628.000000
40631.000000
40460.000000
38735.000000
40628.000000
39977.000000
40625.000000
40628.000000
40709.000000
40709.000000
38759.000000
40616.000000
40721.000000
40478.000000
40700.000000
38729.000000
40634.000000
38738.000000
38753.000000
38729.000000
40625.000000
40634.000000
38735.000000
40457.000000
40616.000000
40631.000000
39962.000000
40709.000000
38732.000000
40616.000000
40625.000000
40637.000000
40709.000000
38729.000000
38735.000000
40706.000000
40709.000000
40721.000000
54008.000000
40715.000000
40721.000000
40634.000000
40703.000000
40634.000000
40700.000000
40721.000000
40628.000000
40484.000000
40733.000000
40625.000000
40634.000000
40727.000000
40721.000000
40634.000000
38723.000000
40715.000000
40712.000000
38753.000000
40625.000000
40709.000000
40712.000000
40625.000000
40712.000000
40715.000000
42257.000000
40739.000000
38723.000000
40712.000000
40703.000000
40634.000000
40712.000000
40712.000000
40715.000000
40706.000000
40625.000000
40628.000000
245054.000000
43610.000000
40601.000000
40472.000000
40637.000000
40712.000000
40703.000000
40712.000000
40619.000000
39962.000000
40619.000000
40619.000000
40715.000000
40712.000000
38765.000000
40706.000000
40634.000000
40718.000000
40622.000000
40712.000000
40706.000000
40625.000000
40625.000000
40625.000000
40625.000000
40625.000000
40637.000000
40709.000000
40625.000000
40634.000000
40715.000000
40712.000000
40610.000000
40709.000000
40712.000000
40646.000000
40715.000000
40715.000000
40715.000000
40709.000000
40625.000000
40640.000000
40715.000000
40706.000000
40622.000000
40712.000000
40706.000000
40625.000000
40625.000000
40610.000000
40622.000000
40706.000000
40625.000000
40625.000000
40481.000000
40712.000000
40715.000000
40637.000000
40613.000000
40715.000000
40637.000000
40406.000000
40622.000000
40712.000000
40712.000000
40712.000000
40706.000000
40625.000000
40625.000000
40619.000000
40715.000000
40712.000000
40715.000000
40712.000000
38753.000000
40715.000000
38744.000000
40625.000000
40625.000000
40484.000000
40712.000000
40721.000000
40712.000000
40628.000000
40715.000000
40625.000000
40718.000000
40625.000000
40625.000000
40622.000000
40718.000000
40625.000000
40622.000000
40712.000000
38723.000000
40721.000000
40622.000000
40715.000000
40715.000000
40724.000000
40715.000000
40724.000000
40715.000000
40721.000000
40625.000000
40634.000000
38744.000000
40721.000000
40712.000000
40481.000000
40622.000000
40631.000000
40625.000000
40625.000000
40634.000000
38723.000000
40715.000000
40721.000000
40484.000000
38723.000000
40727.000000
38729.000000
40484.000000
38732.000000
40730.000000
40463.000000
40625.000000
40631.000000
40625.000000
40622.000000
38753.000000
40715.000000
40622.000000
40622.000000
42443.000000
40634.000000
40643.000000
40631.000000
40616.000000
40628.000000
40613.000000
40616.000000
40475.000000
40616.000000
40625.000000
40622.000000
38744.000000
40616.000000
40625.000000
40613.000000
40625.000000
40616.000000
40625.000000
40625.000000
40616.000000
40472.000000
40463.000000
40625.000000
38750.000000
40625.000000
40700.000000
40628.000000
40475.000000
40616.000000
40625.000000
40622.000000
40625.000000
40625.000000
40616.000000
40625.000000
40622.000000
40709.000000
40628.000000
40616.000000
40625.000000
39962.000000
40631.000000
40616.000000
40625.000000
40625.000000
40628.000000
40475.000000
38744.000000
40706.000000