37274.000000
37382.000000
37037.000000
37403.000000
37346.000000
37391.000000
56255.000000
37355.000000
37361.000000
37070.000000
37088.000000
37109.000000
37079.000000
37355.000000
37355.000000
37361.000000
37076.000000
37358.000000
37220.000000
37076.000000
37397.000000
37355.000000
37334.000000
37355.000000
37361.000000
37076.000000
37376.000000
37079.000000
37073.000000
37352.000000
37367.000000
37391.000000
37355.000000
37361.000000
37070.000000
37076.000000
37373.000000
37073.000000
37070.000000
37091.000000
37355.000000
37355.000000
37385.000000
37364.000000
37358.000000
37070.000000
37085.000000
37388.000000
37070.000000
37076.000000
37352.000000
37070.000000
37358.000000
37370.000000
37379.000000
37367.000000
37391.000000
37355.000000
37361.000000
37082.000000
37220.000000
37073.000000
37076.000000
37364.000000
37400.000000
37352.000000
37076.000000
37373.000000
37073.000000
37364.000000
37364.000000
37379.000000
37106.000000
37370.000000
38483.000000
37376.000000
37364.000000
37073.000000
37364.000000
37208.000000
37376.000000
37085.000000
37364.000000
37367.000000
37076.000000
37361.000000
37070.000000
37079.000000
37373.000000
37070.000000
37076.000000
37361.000000
37079.000000
37385.000000
37367.000000
37076.000000
37364.000000
37370.000000
37070.000000
37088.000000
37079.000000
37355.000000
37100.000000
37073.000000
37364.000000
37076.000000
37079.000000
37355.000000
37355.000000
37352.000000
37070.000000
37358.000000
37091.000000
37358.000000
37076.000000
37385.000000
37361.000000
37076.000000
37370.000000
37070.000000
37076.000000
37361.000000
37079.000000
37355.000000
37361.000000
37361.000000
37070.000000
37364.000000
37079.000000
37109.000000
37382.000000
37361.000000
37073.000000
37076.000000
37367.000000
37076.000000
37361.000000
37070.000000
37094.000000
37079.000000
37364.000000
37361.000000
37076.000000
37361.000000
37070.000000
37391.000000
37367.000000
38138.000000
36626.000000
564731.000000
37073.000000
37118.000000
37373.000000
37361.000000
37361.000000
37391.000000
37067.000000
37085.000000
37382.000000
37076.000000
37355.000000
37376.000000
37364.000000
37361.000000
37070.000000
37097.000000
37076.000000
37379.000000
37073.000000
37211.000000
37376.000000
37379.000000
37076.000000
37361.000000
37076.000000
37385.000000
37361.000000
37367.000000
37379.000000
37370.000000
37364.000000
37073.000000
37220.000000
37076.000000
37379.000000
37109.000000
37115.000000
37100.000000
37379.000000
37073.000000
37100.000000
37367.000000
37220.000000
37085.000000
37361.000000
37076.000000
37361.000000
37070.000000
37079.000000
37364.000000
37361.000000
37211.000000
37070.000000
37358.000000
37358.000000
37364.000000
37064.000000
37376.000000
37400.000000
37364.000000
37388.000000
37112.000000
37358.000000
37109.000000
37070.000000
37082.000000
37079.000000
37355.000000
37355.000000
37355.000000
38546.000000
37379.000000
37076.000000
37361.000000
37073.000000
37076.000000
37361.000000
37355.000000
37076.000000
37079.000000
37070.000000
37367.000000
37103.000000
37220.000000
37079.000000
37361.000000
37076.000000
37388.000000
37070.000000
37076.000000
37370.000000
37070.000000
37094.000000
37076.000000
37355.000000
37367.000000
37109.000000
37079.000000
37361.000000
37070.000000
37085.000000
37361.000000
37361.000000
37388.000000
37364.000000
37088.000000
37361.000000
37079.000000
37361.000000
37100.000000
37373.000000
37109.000000
37079.000000
37355.000000
37367.000000
37109.000000
37220.000000
37076.000000
37364.000000
37364.000000
37367.000000
37076.000000
37367.000000
37076.000000
37376.000000
37352.000000
37100.000000
37076.000000
37076.000000
37067.000000
37364.000000
37079.000000
37385.000000
37370.000000
37073.000000
37076.000000
37442.000000
37376.000000
37376.000000
37388.000000
37070.000000
37094.000000
37220.000000
38444.000000
37349.000000
37388.000000
37385.000000
37382.000000
37076.000000
37376.000000
37355.000000
37367.000000
37358.000000
37355.000000
37067.000000
37364.000000
37076.000000
37388.000000
37076.000000
37355.000000
37355.000000
37352.000000
37073.000000
37076.000000
37376.000000
37352.000000
37073.000000
37076.000000
37367.000000
37073.000000
37103.000000
37076.000000
37361.000000
37079.000000
37343.000000
37367.000000
37112.000000
37073.000000
37370.000000
36542.000000
37370.000000
37355.000000
37355.000000
37358.000000
37085.000000
37373.000000
37073.000000
37115.000000
37073.000000
37109.000000
36788.000000
36491.000000
37097.000000
37076.000000
37361.000000
37094.000000
37085.000000
37361.000000
21072368.000000
36683.000000
37352.000000
37073.000000
37361.000000
37676.000000
37670.000000
37364.000000
37115.000000
37079.000000
37349.000000
37358.000000
37673.000000
37121.000000
37367.000000
37103.000000
37124.000000
37073.000000
37076.000000
37361.000000
37118.000000
37079.000000
37358.000000
37667.000000
37073.000000
37076.000000
37367.000000
37076.000000
37670.000000
37073.000000
37682.000000
37106.000000
37073.000000
37358.000000
37076.000000
37358.000000
37091.000000
37361.000000
37664.000000
37370.000000
37076.000000
37361.000000
37115.000000
37112.000000
37358.000000
37667.000000
37076.000000
37358.000000
37073.000000
37079.000000
37367.000000
37079.000000
37373.000000
37115.000000
37349.000000
37076.000000
37370.000000
37370.000000
37361.000000
37073.000000
37106.000000
37361.000000
37079.000000
37361.000000
37130.000000
37400.000000
37361.000000
37676.000000
37358.000000
37094.000000
37076.000000
37358.000000
37076.000000
38759.000000
37373.000000
37109.000000
37073.000000
37067.000000
37067.000000
37352.000000
37361.000000
37355.000000
37076.000000
37664.000000
37376.000000
37376.000000
37361.000000
304649.000000
36632.000000
36521.000000
36707.000000
38816.000000
36488.000000
36500.000000
36647.000000
36512.000000
36647.000000
36524.000000
36530.000000
36644.000000
36647.000000
36512.000000
36620.000000
36677.000000
36782.000000
36653.000000
36647.000000
36791.000000
36491.000000
36773.000000
36578.000000
36707.000000
36800.000000
36638.000000
36671.000000
36626.000000
36542.000000
36638.000000
36506.000000
51077.000000
36569.000000
36770.000000
36500.000000
37082.000000
37067.000000
37082.000000
37070.000000
37073.000000
37091.000000
37070.000000
37352.000000
37361.000000
37376.000000
37088.000000
37070.000000
37130.000000
37382.000000
37067.000000
37070.000000
37073.000000
37142.000000
37355.000000
37355.000000
37358.000000
37073.000000
37073.000000
38285.000000
36491.000000
36650.000000
36467.000000
36506.000000
36779.000000
36623.000000
36632.000000
36635.000000
36680.000000
36662.000000
36632.000000
36626.000000
36512.000000
36647.000000
36497.000000
36497.000000
36563.000000
36665.000000
36662.000000
36782.000000
36476.000000
36485.000000
36635.000000
36491.000000
36272.000000
36632.000000
36497.000000
36485.000000
36632.000000
36521.000000
36635.000000
36518.000000
36635.000000
36626.000000
36626.000000
36629.000000
36515.000000
36638.000000
36773.000000
36506.000000
36533.000000
36488.000000
37733.000000
36623.000000
36629.000000
36785.000000
36626.000000
36512.000000
36647.000000
36491.000000
36629.000000
36635.000000
36485.000000
36629.000000
36644.000000
36677.000000
36500.000000
36500.000000
36506.000000
36506.000000
36506.000000
36521.000000
36629.000000
36512.000000
36662.000000
36506.000000
36635.000000
36590.000000
36545.000000
36482.000000
36491.000000
36626.000000
36773.000000
38165.000000
36638.000000
36626.000000
36476.000000
36509.000000
36539.000000
36509.000000
36503.000000
36506.000000
36497.000000
36647.000000
36665.000000
36482.000000
36620.000000
36623.000000
37751.000000
36632.000000
36515.000000
36764.000000
36677.000000
36473.000000
36677.000000
36500.000000
36647.000000
36515.000000
36773.000000
36542.000000
36770.000000
36500.000000
36677.000000
36494.000000
36680.000000
36479.000000
36650.000000
36623.000000
36500.000000
36536.000000
36467.000000
36626.000000
36779.000000
36611.000000
36488.000000
36506.000000
36626.000000
36515.000000
37748.000000
36485.000000
36635.000000
36503.000000
37748.000000
36491.000000
36635.000000
36473.000000
37748.000000
36491.000000
36629.000000
36620.000000
36677.000000
36518.000000
36776.000000
36623.000000
36509.000000
36641.000000
36635.000000
36509.000000
36500.000000
36626.000000
36485.000000
36623.000000
36629.000000
36635.000000
36518.000000
36533.000000
39692.000000
37127.000000
37379.000000
37070.000000
37073.000000
37079.000000
37367.000000
37061.000000
37067.000000
37103.000000
37136.000000
37349.000000
37070.000000
37370.000000
37373.000000
37364.000000
37370.000000
37373.000000
37067.000000
37070.000000
37070.000000
37103.000000
37058.000000
37361.000000
37061.000000
37067.000000
37109.000000
37064.000000
37361.000000
37073.000000
37070.000000
37091.000000
37346.000000
37118.000000
243290.000000
39713.000000
36632.000000
36644.000000
36512.000000
36497.000000
36623.000000
36656.000000
37337.000000
37070.000000
37070.000000
37070.000000
37064.000000
37358.000000
37061.000000
37097.000000
37082.000000
37082.000000
37103.000000
37073.000000
37073.000000
37073.000000
37070.000000
37151.000000
37076.000000
37355.000000
37343.000000
37067.000000
37352.000000
37361.000000
37361.000000
37358.000000
37118.000000
37079.000000
37349.000000
37358.000000
37079.000000
37358.000000
37076.000000
38213.000000
36629.000000
36632.000000
36488.000000
36581.000000
36530.000000
36518.000000
36491.000000
36635.000000
36476.000000
36494.000000
36680.000000
36473.000000
36482.000000
36773.000000
36791.000000
36515.000000
36476.000000
36506.000000
36680.000000
36482.000000
36482.000000
36509.000000
36548.000000
36677.000000
36557.000000
36677.000000
36557.000000
36677.000000
36509.000000
36557.000000
36620.000000
36617.000000
36635.000000
36473.000000
36617.000000
36620.000000
36647.000000
36620.000000
36500.000000
36635.000000
36629.000000
36512.000000
36650.000000
36515.000000
36632.000000
36476.000000
36476.000000
36497.000000
36530.000000
36617.000000
36629.000000
36620.000000
36632.000000
36512.000000
36641.000000
36479.000000
36671.000000
36773.000000
36494.000000
36776.000000
36620.000000
36620.000000
36491.000000
36488.000000
36620.000000
36506.000000
36497.000000
36500.000000
36623.000000
36620.000000
36656.000000
36479.000000
38171.000000
36641.000000
36497.000000
36512.000000
36662.000000
36482.000000
36491.000000
36638.000000
36629.000000
36674.000000
36677.000000
36530.000000
36773.000000
36491.000000
36788.000000
36617.000000
36473.000000
36521.000000
36497.000000
36644.000000
36620.000000
36779.000000
36638.000000
36626.000000
36479.000000
36662.000000
36497.000000
36515.000000
36650.000000
36488.000000
36512.000000
36638.000000
36659.000000
36524.000000
36536.000000
36638.000000
36620.000000
36638.000000
36656.000000
36464.000000
36521.000000
36500.000000
36494.000000
36497.000000
36638.000000
36620.000000
36632.000000
36500.000000
36632.000000
36512.000000
36635.000000
36506.000000
36629.000000
36638.000000
36635.000000
36512.000000
36641.000000
36515.000000
36782.000000
36494.000000
36656.000000
36473.000000
36629.000000
36644.000000
36620.000000
36533.000000
36650.000000
36626.000000
36635.000000
36626.000000
36503.000000
36479.000000
36794.000000
38210.000000
36638.000000
36626.000000
36485.000000
36632.000000
36683.000000
36635.000000
36512.000000
36641.000000
36503.000000
36491.000000
36680.000000
36509.000000
36530.000000
36620.000000
36644.000000
36575.000000
37079.000000
36782.000000
36638.000000
36503.000000
36785.000000
36629.000000
36638.000000
36659.000000
36677.000000
36491.000000
36776.000000
36509.000000
36485.000000
36779.000000
36653.000000
36488.000000
36479.000000
36659.000000
36677.000000
36491.000000
36509.000000
233339.000000
36494.000000
37073.000000
6680348.000000
61775.000000
94391.000000
101405.000000
38666.000000
38915.000000
77078.000000
119726.000000
73457.000000
38612.000000
60734.000000
38870.000000
80846.000000
114308.000000
60920.000000
38894.000000
38894.000000
77552.000000
38885.000000
60533.000000
93653.000000
60113.000000
38903.000000
38633.000000
77585.000000
38147.000000
60455.000000
117671.000000
74648.000000
37073.000000
37346.000000
58898.000000
58217.000000
37331.000000
77198.000000
115217.000000
54377.000000
37361.000000
37076.000000
58487.000000
111428.000000
94343.000000
37361.000000
78509.000000
37313.000000
92483.000000
94916.000000
37355.000000
58808.000000
55496.000000
61508.000000
107798.000000
77693.000000
37130.000000
59066.000000
59633.000000
79529.000000
94307.000000
37487.000000
37367.000000
74573.000000
36998.000000
97151.000000
114329.000000
37391.000000
37379.000000
78458.000000
114716.000000
54098.000000
131282.000000
37367.000000
37076.000000
37358.000000
39989.000000
37118.000000
37073.000000
37388.000000
37388.000000
37361.000000
37376.000000
37133.000000
37358.000000
37088.000000
37073.000000
37076.000000
37364.000000
37376.000000
37367.000000
36812.000000
37076.000000
37352.000000
37076.000000
37442.000000
37367.000000
37067.000000
37100.000000
37361.000000
37109.000000
37079.000000