35726.000000
35474.000000
35456.000000
35435.000000
35444.000000
35468.000000
35468.000000
35471.000000
35414.000000
35426.000000
35426.000000
35441.000000
35435.000000
35414.000000
35438.000000
35426.000000
35429.000000
35411.000000
35438.000000
35420.000000
35423.000000
35456.000000
35465.000000
35429.000000
35423.000000
35432.000000
35423.000000
35432.000000
35426.000000
38132.000000
35456.000000
35495.000000
35468.000000
35429.000000
35420.000000
35423.000000
35417.000000
35426.000000
35420.000000
35441.000000
35429.000000
35420.000000
35414.000000
35426.000000
35420.000000
35429.000000
35432.000000
35429.000000
35432.000000
35432.000000
35432.000000
35444.000000
36899.000000
35423.000000
36893.000000
37067.000000
36890.000000
36902.000000
36902.000000
36908.000000
36893.000000
37070.000000
37070.000000
37067.000000
37064.000000
36896.000000
37067.000000
37064.000000
36887.000000
36899.000000
36890.000000
37064.000000
36896.000000
37064.000000
35615.000000
35450.000000
37061.000000
37073.000000
37073.000000
37070.000000
37061.000000
36887.000000
36902.000000
36890.000000
36890.000000
36890.000000
37046.000000
37037.000000
36896.000000
36893.000000
37061.000000
36263.000000
37061.000000
37058.000000
36896.000000
36242.000000
37070.000000
37067.000000
36251.000000
37070.000000
36254.000000
36887.000000
36263.000000
35420.000000
37076.000000
36899.000000
37067.000000
36890.000000
36917.000000
36908.000000
36896.000000
37067.000000
37067.000000
37067.000000
37043.000000
36893.000000
37070.000000
36251.000000
37076.000000
36893.000000
36260.000000
37070.000000
37070.000000
37070.000000
37046.000000
37070.000000
37064.000000
36896.000000
37061.000000
36263.000000
36263.000000
36905.000000
37067.000000
36899.000000
37046.000000
36896.000000
37076.000000
36896.000000
36242.000000
36251.000000
35426.000000
35429.000000
36899.000000
37070.000000
37073.000000
37067.000000
37067.000000
37145.000000
37073.000000
37067.000000
37070.000000
37067.000000
35423.000000
37073.000000
37073.000000
37073.000000
36890.000000
36893.000000
36896.000000
36893.000000
37070.000000
37070.000000
37064.000000
36887.000000
37073.000000
35429.000000
36881.000000
37058.000000
36893.000000
37073.000000
37070.000000
37070.000000
37067.000000
37076.000000
36890.000000
37073.000000
36893.000000
37067.000000
37073.000000
37067.000000
35429.000000
37067.000000
36896.000000
36893.000000
36257.000000
37073.000000
37073.000000
36899.000000
36890.000000
37073.000000
37070.000000
37073.000000
37055.000000
36887.000000
37073.000000
37061.000000
36248.000000
37064.000000
36887.000000
37067.000000
36893.000000
37070.000000
37076.000000
36893.000000
37076.000000
264422.000000
35435.000000
35414.000000
35426.000000
35426.000000
35426.000000
35432.000000
35477.000000
35429.000000
35417.000000
35426.000000
35453.000000
35429.000000
35423.000000
35420.000000
35525.000000
35420.000000
35423.000000
35423.000000
35423.000000
35435.000000
35429.000000
36254.000000
35432.000000
35477.000000
35426.000000
35435.000000
35426.000000
35426.000000
35414.000000
35429.000000
35429.000000
35480.000000
36254.000000
35477.000000
35444.000000
35429.000000
35420.000000
35429.000000
35429.000000
35423.000000
35432.000000
35414.000000
35423.000000
35432.000000
35423.000000
35429.000000
35432.000000
35444.000000
35426.000000
35426.000000
35429.000000
35435.000000
232544.000000
38375.000000
35417.000000
35420.000000
35474.000000
35420.000000
35429.000000
35435.000000
35426.000000
35426.000000
35435.000000
35468.000000
35426.000000
35468.000000
35468.000000
35429.000000
36245.000000
35426.000000
35426.000000
35444.000000
35429.000000
35441.000000
35435.000000
35435.000000
36245.000000
35420.000000
35429.000000
35435.000000
35432.000000
35429.000000
35468.000000
35429.000000
35420.000000
35429.000000
35468.000000
35576.000000
35426.000000
35420.000000
35429.000000
35417.000000
35432.000000
35435.000000
35426.000000
35444.000000
35432.000000
35438.000000
35426.000000
35429.000000
35429.000000
35432.000000
35423.000000
35432.000000
35432.000000
35432.000000
35429.000000
35441.000000
35435.000000
35447.000000
35429.000000
35417.000000
36902.000000
37073.000000
37076.000000
36899.000000
36896.000000
37073.000000
37064.000000
36902.000000
35432.000000
37067.000000
37073.000000
35432.000000
37070.000000
36896.000000
36884.000000
37070.000000
36893.000000
36911.000000
36893.000000
37067.000000
36260.000000
35432.000000
35426.000000
36887.000000
37055.000000
36890.000000
35432.000000
35429.000000
36917.000000
37076.000000
36890.000000
37073.000000
37073.000000
37070.000000
37073.000000
37073.000000
37073.000000
37070.000000
36896.000000
35441.000000
36893.000000
36902.000000
36899.000000
35441.000000
37073.000000
37070.000000
36893.000000
37061.000000
35531.000000
35423.000000
35423.000000
35447.000000
35432.000000
36254.000000
35426.000000
35426.000000
35468.000000
35432.000000
35429.000000
35438.000000
35444.000000
35423.000000
35429.000000
51086.000000
35426.000000
35426.000000
35471.000000
35417.000000
35429.000000
35426.000000
35420.000000
35432.000000
35432.000000
35426.000000
35432.000000
35420.000000
36884.000000
36887.000000
37070.000000
37070.000000
37067.000000
36890.000000
37076.000000
36911.000000
36251.000000
36899.000000
36893.000000
37070.000000
36881.000000
36890.000000
36248.000000
37073.000000
36893.000000
37067.000000
37070.000000
37073.000000
36902.000000
37064.000000
36887.000000
37085.000000
36893.000000
37067.000000
37070.000000
37046.000000
37070.000000
37064.000000
36893.000000
37073.000000
37061.000000
37061.000000
37079.000000
36899.000000
36893.000000
36893.000000
36896.000000
36887.000000
36896.000000
36890.000000
37049.000000
36893.000000
37073.000000
35510.000000
36899.000000
36893.000000
37067.000000
37070.000000
36914.000000
37067.000000
37076.000000
36893.000000
37073.000000
36242.000000
37070.000000
37067.000000
37070.000000
37064.000000
36899.000000
35441.000000
36896.000000
37067.000000
36896.000000
36896.000000
36893.000000
37076.000000
36908.000000
37073.000000
37064.000000
36893.000000
37067.000000
37070.000000
37070.000000
37067.000000
37067.000000
36251.000000
36911.000000
36899.000000
36893.000000
37073.000000
37073.000000
37076.000000
36890.000000
37073.000000
37064.000000
37067.000000
36890.000000
36896.000000
36881.000000
37253.000000
37076.000000
36902.000000
37067.000000
35432.000000
36263.000000
37076.000000
36896.000000
37067.000000
37073.000000
37064.000000
36908.000000
37070.000000
37064.000000
36893.000000
37070.000000
37070.000000
235586.000000
38462.000000
35432.000000
35429.000000
35435.000000
35447.000000
35417.000000
35441.000000
35429.000000
35435.000000
35546.000000
35423.000000
35423.000000
35426.000000
35444.000000
36887.000000
37070.000000
37070.000000
35420.000000
36260.000000
37070.000000
37073.000000
37061.000000
35420.000000
37067.000000
37067.000000
35429.000000
36896.000000
37070.000000
36887.000000
36887.000000
36896.000000
36908.000000
36911.000000
36896.000000
37067.000000
37067.000000
37058.000000
36896.000000
37070.000000
37067.000000
36254.000000
35441.000000
36251.000000
37073.000000
35429.000000
36893.000000
36251.000000
37076.000000
36884.000000
36893.000000
35432.000000
15289289.000000
40250.000000
42035.000000
41882.000000
42050.000000
41126.000000
42032.000000
41135.000000
41843.000000
41861.000000
42029.000000
41831.000000
62519.000000
41843.000000
40223.000000
41849.000000
42032.000000
41849.000000
42035.000000
42032.000000
41837.000000
42029.000000
41840.000000
42044.000000
41843.000000
41849.000000
42032.000000
42041.000000
40205.000000
42047.000000
42053.000000
41840.000000
42056.000000
41843.000000
41837.000000
42050.000000
41852.000000
59987.000000
36893.000000
37070.000000
37067.000000
37070.000000
37070.000000
37049.000000
36890.000000
37073.000000
37058.000000
36905.000000
36893.000000
37073.000000
37067.000000
37070.000000
36887.000000
36908.000000
36899.000000
37067.000000
36881.000000
37067.000000
37073.000000
37058.000000
36896.000000
37067.000000
37058.000000
36899.000000
36902.000000
37058.000000
36908.000000
37067.000000
37070.000000
37061.000000
37073.000000
37037.000000
36887.000000
35519.000000
35456.000000
37070.000000
37067.000000
36887.000000
36899.000000
37067.000000
36893.000000
36905.000000
36890.000000
36899.000000
36899.000000
35426.000000
36887.000000
43076.000000
96005.000000
67982.000000
133910.000000
65939.000000
42062.000000
65930.000000
154910.000000
65885.000000
88259.000000
43412.000000
128834.000000
116522.000000
36905.000000
37070.000000
57743.000000
59525.000000
61523.000000
79346.000000
96935.000000
36989.000000
37073.000000
58271.000000
58727.000000
36842.000000
78935.000000
96461.000000
37052.000000
37052.000000
58142.000000
59027.000000
38138.000000
101123.000000
98120.000000
37064.000000
36893.000000
57755.000000
120695.000000
76811.000000
36902.000000
59771.000000
64658.000000
118013.000000
35594.000000
35441.000000
77672.000000
37502.000000
127202.000000
77885.000000
36887.000000
58163.000000
60830.000000
130064.000000
97880.000000
36896.000000
58445.000000
62540.000000
136625.000000
100400.000000
35528.000000
35471.000000
37061.000000
37064.000000
36902.000000
37070.000000
36890.000000
36890.000000
36902.000000
36899.000000
37067.000000
37073.000000
37067.000000
37070.000000
37058.000000
36899.000000
36893.000000
37067.000000
37067.000000
37073.000000
37064.000000
36881.000000
35435.000000
36902.000000
37070.000000
37058.000000
36893.000000
37064.000000
36893.000000
37067.000000
37070.000000
36899.000000
37073.000000
36902.000000
36896.000000
36878.000000
36893.000000
35429.000000
35417.000000
36878.000000
36905.000000
36896.000000
37049.000000
36893.000000
35432.000000
37073.000000
37070.000000
37058.000000
36257.000000
36896.000000
37073.000000
37073.000000
37067.000000
36251.000000
37070.000000
37067.000000
36902.000000
35423.000000
37070.000000
36884.000000
37064.000000
36887.000000
37061.000000
37067.000000
37067.000000
37067.000000
434612.000000
35429.000000
35423.000000
36893.000000
37070.000000
37055.000000
36896.000000
35492.000000
35441.000000
35435.000000
36896.000000
36242.000000
37073.000000
36875.000000
37241.000000
36908.000000
36896.000000
36905.000000
36242.000000
36890.000000
37067.000000
37046.000000
37067.000000
36242.000000
37067.000000
37046.000000
35435.000000
36899.000000
36896.000000
37064.000000
36905.000000
36896.000000
37076.000000
36893.000000
36242.000000
37046.000000
37064.000000
36881.000000
36242.000000
36242.000000
36893.000000
36896.000000
36905.000000
37067.000000
36893.000000
37064.000000
56795.000000
35426.000000
35429.000000
35468.000000
36887.000000
37046.000000
37070.000000
37067.000000
37061.000000
37061.000000
37046.000000
37070.000000
37070.000000
36896.000000
37067.000000
37064.000000
36896.000000
37067.000000
37067.000000
36902.000000
36887.000000
36896.000000
36881.000000
36884.000000
36893.000000
37046.000000
36254.000000
36905.000000
36890.000000
37070.000000
37067.000000
37064.000000
36881.000000
37046.000000
35495.000000
137447.000000
35429.000000
35426.000000
35426.000000
36899.000000
36908.000000
37073.000000
35435.000000
36908.000000
36899.000000
37073.000000
36893.000000
36872.000000
36908.000000
37073.000000
37067.000000
37064.000000
36902.000000
37067.000000
37061.000000
37070.000000
37073.000000
37073.000000
37064.000000
36896.000000
37070.000000
37067.000000
37073.000000
37070.000000
37073.000000
37061.000000
37061.000000
37067.000000
37073.000000
36899.000000
37073.000000
36887.000000
36881.000000
36887.000000
37061.000000
37073.000000
37073.000000
37067.000000
37073.000000
37073.000000
37067.000000
37073.000000
37073.000000
37070.000000
37067.000000
37061.000000
37070.000000
37058.000000
36890.000000
36257.000000
37067.000000
37046.000000
37067.000000
37073.000000
36890.000000
36896.000000
36890.000000
36902.000000
36890.000000
37070.000000
37073.000000
37070.000000
37076.000000
36896.000000
36251.000000
37064.000000
36893.000000
35483.000000
36902.000000
37070.000000
37064.000000
36899.000000
36887.000000
37061.000000
37067.000000
37070.000000
37067.000000
35429.000000
36908.000000
36884.000000
36248.000000
36887.000000
36899.000000
37070.000000
37073.000000
37061.000000
37064.000000
36902.000000
36251.000000
37070.000000
37064.000000
36899.000000
36890.000000
37070.000000
37070.000000
37070.000000
37076.000000
36899.000000
36899.000000
36902.000000
36893.000000
37064.000000
35417.000000
36890.000000
36878.000000
37055.000000
37049.000000
37070.000000
36890.000000
37067.000000
37070.000000
37073.000000
37073.000000
37076.000000
36896.000000
37073.000000
37064.000000
36890.000000
36884.000000
36893.000000
333422.000000
35459.000000
36902.000000
35432.000000
39440.000000
37073.000000
36893.000000
37070.000000
35432.000000
36887.000000
36905.000000
37070.000000
36905.000000
37070.000000
37064.000000
36887.000000
37055.000000
36911.000000
36884.000000
36902.000000
35489.000000
35432.000000
35438.000000
35429.000000
35432.000000
35426.000000
35426.000000
35435.000000