312978.000000   64
363603.000000   64
272796.000000   64
246729.000000   64
234465.000000   64
274647.000000   64
259086.000000   64
3471801.000000  64
398706.000000   64
326628.000000   64
337224.000000   64
305868.000000   64
281610.000000   64
508146.000000   64
277140.000000   64
262389.000000   64
228168.000000   64
272607.000000   64
238479.000000   64
253101.000000   64
222504.000000   64
251796.000000   64
251019.000000   64
216663.000000   64
252246.000000   64
218199.000000   64
235677.000000   64
238998.000000   64
210075.000000   64
250701.000000   64
213039.000000   64
249447.000000   64
236904.000000   64
265548.000000   64
20428458.000000 64
350808.000000   64
319863.000000   64
252048.000000   64
278478.000000   64
239916.000000   64
235734.000000   64
241647.000000   64
261012.000000   64
277077.000000   64
263598.000000   64
261987.000000   64
235467.000000   64
231690.000000   64
255069.000000   64
223689.000000   64
249480.000000   64
258921.000000   64
293877.000000   64
268164.000000   64
255519.000000   64
252558.000000   64
219549.000000   64
250314.000000   64
264861.000000   64
266421.000000   64
262815.000000   64
6342942.000000  64
1006650.000000  64
1177596.000000  64
864345.000000   64
665925.000000   64
253785.000000   64
265650.000000   64
230319.000000   64
264807.000000   64
228921.000000   64
230421.000000   64
222789.000000   64
255513.000000   64
289950.000000   64
223221.000000   64
218178.000000   64
247293.000000   64
247980.000000   64
214839.000000   64
222183.000000   64
248940.000000   64
220749.000000   64
242691.000000   64
221943.000000   64
216417.000000   64
220293.000000   64
214425.000000   64
238956.000000   64
255474.000000   64
217812.000000   64
229950.000000   64
215568.000000   64
250503.000000   64
253002.000000   64
215484.000000   64
252273.000000   64
214143.000000   64
219897.000000   64
225636.000000   64