9.438000
9.390000
9.384000
9.381000
9.390000
9.393000
9.396000
9.396000
9.396000
9.396000

9.534000
9.525000
9.522000
9.528000
9.528000
9.525000
9.525000
9.525000
9.525000
9.528000

9.396000
9.393000
9.393000
9.396000
9.384000
9.396000
9.396000
9.396000
9.393000
9.396000

9.396000
9.393000
9.396000
9.393000
9.396000
9.396000
9.396000
9.399000
9.393000
9.393000

9.393000
9.393000
9.390000
9.396000
9.393000
9.393000
9.396000
9.396000
9.384000
9.399000

9.393000
9.390000
9.393000
9.396000
9.396000
9.393000
9.393000
9.387000
9.396000
9.387000

9.384000
9.396000
9.390000
9.396000
9.396000
9.393000
9.399000
9.384000
9.396000
9.393000

9.396000
9.396000
9.393000
9.393000
9.387000
9.399000
9.399000
9.393000
9.387000
9.393000

9.393000
9.393000
9.384000
9.384000
9.384000
9.396000
9.396000
9.393000
9.399000
9.384000

9.396000
9.393000
9.396000
9.390000
9.399000
9.396000
9.393000
9.393000
9.396000
9.399000

9.429000
9.384000
9.393000
9.390000
9.396000
9.393000
9.393000
9.396000
9.396000
9.396000

10.173000
9.387000
9.402000
9.405000
9.402000
9.408000
9.402000
9.402000
9.399000
9.405000

10.428000
9.408000
9.402000
9.396000
9.396000
9.396000
9.399000
9.384000
9.396000
9.402000

16.998000
15.030000
15.024000
15.030000
15.021000
15.021000
15.021000
15.018000
15.021000
15.033000

19.287000
15.033000
15.024000
15.024000
15.033000
15.018000
49.473000
15.564000
15.564000
15.564000

26.265000
15.849000
15.759000
15.150000
15.129000
15.141000
15.135000
15.141000
15.132000
15.141000

36.408000
35.094000
34.824000
35.010000
34.974000
34.992000
34.944000
35.031000
34.860000
259.047000

74.355000
35.304000
34.968000
34.869000
34.815000
35.127000
35.052000
34.899000
34.800000
35.142000

138.753000
67.410000
41.538000
160.419000
42.504000
55.656000
40.149000
38.214000
403.587000
132.660000

164.985000
7291.059000
141.999000
157.038000
161.142000
160.992000
107.727000
102.093000
100.845000
136.461000

168.471000
165.156000
164.394000
162.831000
653.964000
164.271000
164.655000
163.656000
163.107000
161.646000

167.934000
161.112000
168.057000
162.501000
164.088000
165.261000
164.667000
179.241000
160.098000
162.735000

167.448000
162.069000
162.138000
160.638000
164.475000
162.681000
162.987000
169.452000
163.566000
157.815000

161.478000
158.070000
161.310000
162.177000
164.424000
162.459000
154.929000
162.528000
165.981000
160.779000

168.585000
167.559000
168.948000
167.202000
169.326000
166.890000
167.904000
166.008000
167.166000
166.188000

10.908000
10.884000
10.476000
10.485000
10.485000
10.473000
10.482000
10.476000
10.476000
10.476000

10.626000
10.626000
10.623000
10.623000
10.623000
10.635000
10.623000
9.528000
9.528000
9.528000

9.528000
9.525000
9.525000
9.522000
9.522000
9.525000
9.525000
9.525000
9.528000
9.528000

9.528000
9.528000
9.537000
9.528000
9.528000
9.528000
9.525000
9.528000
9.528000
9.528000

9.525000
9.534000
9.525000
9.525000
9.534000
9.528000
9.525000
9.522000
9.525000
9.525000

9.528000
9.525000
9.537000
9.528000
9.528000
9.537000
9.528000
9.528000
9.525000
9.528000

9.528000
9.525000
9.528000
9.525000
9.528000
9.525000
9.528000
9.528000
9.528000
9.528000

9.525000
9.531000
9.534000
9.522000
9.531000
9.522000
9.525000
9.522000
9.531000
9.528000

9.525000
9.528000
9.525000
9.531000
9.522000
9.528000
9.525000
9.522000
9.522000
9.528000

9.528000
9.528000
9.525000
9.534000
9.531000
9.528000
9.522000
9.528000
9.525000
9.537000

9.528000
9.537000
9.531000
9.522000
9.528000
9.537000
9.528000
9.528000
9.522000
9.528000

9.525000
9.534000
9.525000
9.525000
9.537000
9.528000
9.528000
10.488000
10.488000
10.476000

10.479000
29.469000
9.735000
9.744000
9.732000
9.735000
9.732000
9.735000
9.399000
9.399000

14.973000
14.973000
14.973000
14.973000
14.973000
14.973000
14.973000
14.973000
14.973000
14.973000

14.970000
15.525000
14.970000
14.973000
14.973000
14.976000
14.970000
14.973000
14.970000
14.973000

15.078000
15.066000
15.060000
15.066000
15.069000
18.219000
15.066000
15.060000
39.456000
48.705000

40.401000
35.079000
35.163000
35.238000
35.085000
35.232000
35.214000
35.220000
35.106000
35.223000

39.843000
35.745000
35.622000
35.478000
35.664000
35.550000
35.529000
35.418000
35.466000
35.505000

78.738000
38.736000
36.789000
38.199000
38.694000
151.665000
42.867000
52.083000
338.058000
114.804000

145.395000
115.821000
105.396000
99.126000
93.108000
108.201000
159.150000
386.403000
151.506000
119.124000

167.715000
160.866000
163.083000
164.745000
160.449000
160.944000
162.372000
163.437000
163.449000
369.093000

161.745000
163.632000
164.664000
162.468000
161.997000
163.566000
160.761000
168.924000
162.708000
164.511000

165.774000
164.442000
163.743000
171.099000
166.155000
169.047000
166.008000
163.176000
161.532000
162.330000

163.920000
166.023000
163.995000
164.847000
164.691000
165.567000
164.565000
165.189000
164.523000
164.847000

163.392000
164.070000
164.406000
372.393000
159.792000
164.247000
163.278000
166.659000
164.409000
160.773000

10.890000
10.911000
10.911000
10.911000
10.911000
30.351000
9.729000
9.726000
9.726000
9.729000

9.867000
9.867000
9.867000
9.870000
9.870000
9.870000
9.870000
9.870000
9.867000
9.870000

9.396000
9.396000
9.396000
9.393000
9.396000
9.528000
9.522000
9.528000
9.531000
9.522000

9.525000
9.525000
9.531000
9.537000
9.525000
9.528000
9.528000
9.534000
9.534000
9.525000

9.528000
9.528000
9.522000
9.534000
9.531000
9.525000
9.528000
9.525000
9.534000
9.528000

9.528000
9.528000
9.528000
9.534000
9.537000
9.525000
9.528000
9.525000
9.537000
9.534000

9.525000
9.525000
9.528000
9.528000
9.528000
9.537000
9.537000
9.528000
9.537000
9.528000

9.522000
9.525000
9.528000
9.522000
9.522000
9.528000
9.522000
9.528000
9.528000
9.528000

9.522000
9.525000
9.531000
9.525000
9.537000
9.537000
9.525000
9.540000
9.531000
9.525000

9.525000
9.528000
9.531000
9.528000
9.525000
9.534000
9.522000
9.528000
9.525000
9.522000

9.537000
9.522000
9.525000
9.522000
9.522000
9.525000
9.525000
9.525000
9.528000
9.522000

9.531000
9.522000
9.537000
9.525000
9.531000
9.525000
9.528000
9.528000
9.528000
9.522000

9.534000
9.528000
9.528000
9.537000
9.528000
9.534000
9.528000
9.528000
9.537000
9.528000

14.940000
14.940000
14.949000
14.940000
14.949000
14.940000
14.949000
14.949000
14.949000
14.937000

14.946000
14.946000
14.940000
14.946000
17.817000
14.937000
14.937000
14.949000
14.946000
14.949000

15.132000
15.126000
15.126000
15.126000
15.117000
15.126000
15.120000
15.129000
15.141000
15.120000

37.398000
37.056000
36.759000
36.702000
36.786000
37.197000
36.759000
36.657000
36.747000
36.717000

41.130000
37.518000
37.305000
37.335000
37.332000
37.650000
37.194000
36.756000
36.696000
36.750000

69.828000
49.188000
43.797000
42.516000
155.784000
59.703000
44.163000
44.625000
43.530000
46.566000

160.914000
140.466000
148.509000
177.270000
143.904000
176.013000
10722.173000
156.423000
390.222000
138.654000

177.135000
174.096000
176.949000
176.301000
177.624000
180.795000
175.962000
174.132000
173.889000
178.146000

177.291000
178.698000
172.662000
175.035000
176.043000
176.865000
171.210000
175.935000
176.487000
173.664000

175.002000
177.669000
180.444000
179.160000
179.103000
177.834000
180.462000
180.468000
176.457000
177.792000

175.845000
179.094000
180.423000
178.293000
178.377000
173.457000
183.204000
180.252000
178.227000
174.816000

177.096000
174.870000
179.391000
179.277000
177.450000
178.041000
176.931000
175.014000
177.381000
172.197000

10.476000
10.476000
10.479000
10.488000
10.479000
10.488000
38.523000
10.488000
10.488000
9.399000

9.537000
9.534000
9.528000
38.733000
9.531000
9.528000
9.540000
9.531000
9.531000
9.534000

36.816000
9.396000
9.399000
9.531000
9.540000
9.525000
9.525000
9.528000
38.178000
9.399000

9.396000
9.390000
9.390000
9.399000
9.399000
37.842000
9.396000
9.399000
9.396000
9.399000

9.390000
9.396000
38.772000
9.396000
9.399000
9.396000
9.396000
9.399000
9.399000
9.390000

9.399000
9.399000
9.396000
9.399000
9.399000
9.390000
9.396000
37.461000
9.396000
9.396000

9.396000
9.396000
9.399000
9.396000
36.351000
9.387000
9.399000
9.387000
9.396000
9.399000

9.399000
34.044000
9.399000
9.399000
9.390000
9.390000
9.399000
9.399000
9.399000
9.399000

9.399000
9.399000
9.387000
9.399000
9.399000
9.399000
9.474000
9.399000
9.399000
9.399000

9.399000
9.390000
9.402000
9.399000
9.399000
9.399000
9.396000
9.399000
9.399000
9.399000

9.399000
9.399000
9.399000
9.396000
9.396000
9.399000
9.399000
9.396000
9.390000
9.387000

9.396000
9.399000
9.390000
9.399000
9.399000
9.390000
9.399000
9.396000
9.399000
9.399000

9.399000
9.396000
9.390000
9.396000
9.396000
9.396000
9.396000
9.399000
9.396000
9.390000

15.042000
15.051000
15.051000
15.051000
15.048000
15.051000
15.039000
15.048000
15.051000
15.051000

15.048000
15.051000
15.048000
15.051000
15.051000
15.051000
15.042000
15.051000
15.051000
15.051000

15.471000
15.471000
15.483000
15.471000
15.480000
15.549000
15.498000
15.471000
15.471000
15.471000

41.994000
40.056000
40.014000
39.870000
39.993000
40.068000
39.879000
39.978000
40.038000
39.876000

45.216000
41.607000
41.556000
13137.927000
41.790000
41.463000
41.268000
39.960000
39.924000
39.963000

66.855000
367.350000
70.794000
48.591000
49.980000
47.988000
49.323000
46.935000
45.261000
45.405000

169.140000
198.648000
169.929000
164.538000
419.910000
173.109000
183.567000
170.850000
185.799000
185.766000

216.948000
206.940000
205.680000
209.031000
208.062000
209.292000
209.484000
207.222000
208.953000
433.602000

208.515000
208.581000
207.795000
205.422000
205.413000
204.687000
207.159000
206.820000
209.319000
206.934000

354.843000
209.508000
205.725000
209.688000
208.311000
209.478000
205.350000
209.310000
207.141000
209.583000

208.845000
208.272000
207.963000
208.506000
208.563000
208.500000
202.293000
206.235000
207.066000
206.325000

208.269000
209.385000
205.380000
206.043000
205.908000
207.495000
209.007000
209.445000
210.285000
208.494000

10.911000
10.884000
10.482000
10.476000
10.485000
10.476000
10.623000
10.623000
10.623000
10.632000

10.626000
10.626000
10.632000
10.632000
10.623000
10.623000
10.623000
9.534000
9.525000
9.525000

9.534000
9.528000
9.525000
9.534000
9.522000
9.528000
9.528000
9.537000
9.528000
9.528000

9.528000
9.528000
9.525000
9.537000
9.522000
9.525000
9.522000
9.537000
9.525000
9.537000

9.525000
9.522000
9.525000
9.528000
9.528000
9.531000
9.525000
9.528000
9.528000
9.528000

9.537000
9.528000
9.528000
9.528000
9.528000
9.528000
9.528000
9.537000
9.528000
9.528000

9.525000
9.525000
9.537000
9.537000
9.528000
9.528000
9.525000
9.528000
9.528000
9.528000

9.537000
9.525000
9.522000
9.525000
9.522000
9.525000
9.537000
9.528000
9.522000
9.522000

9.537000
9.525000
9.537000
9.525000
9.528000
9.525000
9.522000
9.525000
9.525000
9.531000

9.522000
9.528000
9.534000
9.525000
9.522000
9.528000
9.522000
9.522000
9.522000
9.528000

9.525000
9.534000
9.528000
9.525000
9.537000
9.528000
9.522000
9.525000
9.534000
9.528000

9.522000
9.537000
9.528000
9.528000
9.528000
9.531000
9.528000
10.479000
10.479000
10.485000

10.476000
9.399000
9.393000
9.396000
9.387000
9.396000
9.396000
9.396000
9.396000
9.396000

9.558000
14.982000
14.988000
14.982000
14.985000
14.982000
14.982000
14.982000
14.982000
14.982000

15.042000
15.048000
15.042000
15.048000
15.051000
15.051000
15.285000
15.051000
14.982000
15.042000

15.657000
15.651000
15.663000
15.597000
15.588000
15.588000
15.582000
15.579000
15.588000
15.582000

39.897000
39.831000
40.002000
39.972000
39.990000
39.966000
39.993000
108.882000
101.055000
41.487000

37.263000
36.807000
36.798000
36.717000
37.227000
36.684000
36.714000
36.684000
36.747000
36.687000

53.607000
42.333000
41.598000
41.040000
39.906000
49.788000
42.432000
40.461000
39.891000
39.921000

108.453000
77.100000
88.185000
77.829000
75.549000
145.620000
79.638000
76.080000
124.557000
81.219000

212.697000
219.759000
209.553000
213.324000
212.583000
211.116000
221.067000
213.684000
212.043000
211.125000

218.622000
222.735000
225.189000
223.284000
225.087000
223.065000
225.729000
220.545000
225.135000
226.641000

221.475000
221.013000
219.885000
218.088000
225.465000
224.565000
219.930000
235.446000
214.284000
227.289000

221.148000
224.535000
220.434000
224.835000
223.113000
222.990000
224.655000
226.947000
223.152000
224.970000

227.649000
231.414000
231.648000
226.545000
230.238000
230.943000
226.806000
225.732000
228.639000
225.303000
