37406.000000
38663.000000
38231.000000
37325.000000
37016.000000
37013.000000
37283.000000
37013.000000
37277.000000
37277.000000
37268.000000
37019.000000
38285.000000
38297.000000
37073.000000
37073.000000
37076.000000
37286.000000
37010.000000
37007.000000
37016.000000
37280.000000
37262.000000
37076.000000
37274.000000
36998.000000
37010.000000
37280.000000
37196.000000
37268.000000
37082.000000
36995.000000
37079.000000
37073.000000
37073.000000
37070.000000
37019.000000
37001.000000
37271.000000
38495.000000
37271.000000
37262.000000
37067.000000
37271.000000
37073.000000
37277.000000
37070.000000
37013.000000
37073.000000
37070.000000
37274.000000
36995.000000
38291.000000
38297.000000
37067.000000
37283.000000
37079.000000
37271.000000
37283.000000
37070.000000
37076.000000
37274.000000
37055.000000
37271.000000
37271.000000
37085.000000
37073.000000
37070.000000
37268.000000
37268.000000
37265.000000
37076.000000
37061.000000
37082.000000
38993.000000
37088.000000
37070.000000
37016.000000
36998.000000
37001.000000
37265.000000
37274.000000
37079.000000
37274.000000
37010.000000
37301.000000
37277.000000
37271.000000
37283.000000
36998.000000
36995.000000
36995.000000
36995.000000
37277.000000
36998.000000
37067.000000
36995.000000
37289.000000
37019.000000
37076.000000
37280.000000
37004.000000
37073.000000
36998.000000
37013.000000
37271.000000
37268.000000
37013.000000
37277.000000
37277.000000
37202.000000
37010.000000
37268.000000
37004.000000
36998.000000
36995.000000
37001.000000
37271.000000
37070.000000
37277.000000
36998.000000
37268.000000
37280.000000
37214.000000
37001.000000
37271.000000
37271.000000
37274.000000
37007.000000
37277.000000
37274.000000
37031.000000
37013.000000
37265.000000
37274.000000
37004.000000
37004.000000
36998.000000
37016.000000
37079.000000
37265.000000
37271.000000
37274.000000
37265.000000
37019.000000
37277.000000
37007.000000
40337.000000
38501.000000
37274.000000
37070.000000
37274.000000
36995.000000
37001.000000
37274.000000
37010.000000
37085.000000
37004.000000
37004.000000
37007.000000
37277.000000
37286.000000
37286.000000
37280.000000
37010.000000
37268.000000
37079.000000
37277.000000
37019.000000
37274.000000
37004.000000
37277.000000
37082.000000
36992.000000
37277.000000
37070.000000
37265.000000
37262.000000
36995.000000
37010.000000
37271.000000
37280.000000
37007.000000
37271.000000
37271.000000
37268.000000
37022.000000
37280.000000
36998.000000
37007.000000
37283.000000
37010.000000
37271.000000
37073.000000
37277.000000
37010.000000
38273.000000
37295.000000
37004.000000
37016.000000
37274.000000
37079.000000
37274.000000
37076.000000
37268.000000
37085.000000
37289.000000
37271.000000
37271.000000
37271.000000
37280.000000
37088.000000
261164.000000
37283.000000
37082.000000
37070.000000
37082.000000
37277.000000
37064.000000
37001.000000
38708.000000
37079.000000
37067.000000
37004.000000
37076.000000
37268.000000
37079.000000
37271.000000
37271.000000
37274.000000
37076.000000
37280.000000
37010.000000
37277.000000
37283.000000
37004.000000
37004.000000
37067.000000
37013.000000
37283.000000
37001.000000
37268.000000
37091.000000
37001.000000
37067.000000
37286.000000
37004.000000
37280.000000
36995.000000
37088.000000
37001.000000
37280.000000
37073.000000
37073.000000
37004.000000
37082.000000
37010.000000
37265.000000
37001.000000
37274.000000
37013.000000
37286.000000
37277.000000
37283.000000
37010.000000
37274.000000
37010.000000
36899.000000
263537.000000
53033.000000
37283.000000
37274.000000
37292.000000
37070.000000
37070.000000
37076.000000
37292.000000
37268.000000
37052.000000
37064.000000
37292.000000
37274.000000
37070.000000
37088.000000
37070.000000
37067.000000
37073.000000
37277.000000
37082.000000
37076.000000
37286.000000
37268.000000
37082.000000
40229.000000
38297.000000
38294.000000
37280.000000
37289.000000
37010.000000
37271.000000
37268.000000
37013.000000
37274.000000
37025.000000
37010.000000
37274.000000
37013.000000
37280.000000
37013.000000
37289.000000
36995.000000
37004.000000
37046.000000
36998.000000
36998.000000
37004.000000
37019.000000
37004.000000
37283.000000
37286.000000
37004.000000
37277.000000
37007.000000
37280.000000
37010.000000
37274.000000
36998.000000
37046.000000
37001.000000
37280.000000
37016.000000
37004.000000
37079.000000
37271.000000
37298.000000
37271.000000
37292.000000
37265.000000
37274.000000
36998.000000
37010.000000
37268.000000
37001.000000
37013.000000
37022.000000
37019.000000
37280.000000
37271.000000
37295.000000
37037.000000
37283.000000
37004.000000
37004.000000
37046.000000
37013.000000
37271.000000
37268.000000
37046.000000
37007.000000
37271.000000
37271.000000
37274.000000
37010.000000
37013.000000
37268.000000
37016.000000
40175.000000
38303.000000
37070.000000
37277.000000
37067.000000
37070.000000
37280.000000
37010.000000
37277.000000
37280.000000
37076.000000
37274.000000
37007.000000
37277.000000
37283.000000
37076.000000
37274.000000
37010.000000
37271.000000
37283.000000
37016.000000
37004.000000
37019.000000
37007.000000
37274.000000
37019.000000
37022.000000
37010.000000
37073.000000
37286.000000
37016.000000
37277.000000
37271.000000
37277.000000
37274.000000
37037.000000
37280.000000
37025.000000
37007.000000
37298.000000
37283.000000
37076.000000
37289.000000
37004.000000
37004.000000
37016.000000
36998.000000
37088.000000
37016.000000
37037.000000
37274.000000
37076.000000
37076.000000
37022.000000
37016.000000
37280.000000
37268.000000
37010.000000
37268.000000
37025.000000
37001.000000
37277.000000
37274.000000
36911.000000
37280.000000
36998.000000
37001.000000
37271.000000
37277.000000
37292.000000
37274.000000
36998.000000
37010.000000
40217.000000
37289.000000
37082.000000
37052.000000
37055.000000
37097.000000
37283.000000
37268.000000
37265.000000
37280.000000
37079.000000
37280.000000
37004.000000
36998.000000
37004.000000
37004.000000
37031.000000
37079.000000
37277.000000
37274.000000
37004.000000
37004.000000
37013.000000
37271.000000
37010.000000
37274.000000
36992.000000
37274.000000
37010.000000
37073.000000
37280.000000
37268.000000
37265.000000
37076.000000
37271.000000
37271.000000
37022.000000
37265.000000
37277.000000
37268.000000
37007.000000
37277.000000
37280.000000
37079.000000
37289.000000
37034.000000
37280.000000
37019.000000
37007.000000
37292.000000
37013.000000
37274.000000
37046.000000
37010.000000
37013.000000
37004.000000
37268.000000
37280.000000
37280.000000
37070.000000
37004.000000
37022.000000
37286.000000
37289.000000
36992.000000
37295.000000
37007.000000
37280.000000
37004.000000
37016.000000
37013.000000
37280.000000
37007.000000
38924.000000
37088.000000
37085.000000
37019.000000
37007.000000
37010.000000
37013.000000
36998.000000
37283.000000
37280.000000
37007.000000
37280.000000
37061.000000
37001.000000
37271.000000
37277.000000
37292.000000
37277.000000
37277.000000
37280.000000
37289.000000
37019.000000
37016.000000
37022.000000
37277.000000
37274.000000
37073.000000
37025.000000
37019.000000
37016.000000
37004.000000
37280.000000
37274.000000
37268.000000
37268.000000
37268.000000
36995.000000
37013.000000
37268.000000
37004.000000
36995.000000
37013.000000
37274.000000
37028.000000
37277.000000
37298.000000
37268.000000
37016.000000
37013.000000
37271.000000
37265.000000
37283.000000
37019.000000
37010.000000
36998.000000
37004.000000
37280.000000
37271.000000
37091.000000
37070.000000
37277.000000
37268.000000
37028.000000
37289.000000
37070.000000
36998.000000
37016.000000
37013.000000
37289.000000
37013.000000
37268.000000
37070.000000
37025.000000
37295.000000
39428.000000
38303.000000
37271.000000
37004.000000
37022.000000
37280.000000
37004.000000
37271.000000
37019.000000
37268.000000
37271.000000
37019.000000
37046.000000
36998.000000
37007.000000
37268.000000
37070.000000
38291.000000
37076.000000
37277.000000
37277.000000
37283.000000
37007.000000
37265.000000
37280.000000
37019.000000
37013.000000
37280.000000
36995.000000
37001.000000
37295.000000
37010.000000
37001.000000
37013.000000
37004.000000
37280.000000
357386.000000
37073.000000
37076.000000
37280.000000
37070.000000
37283.000000
37085.000000
37277.000000
37274.000000
37082.000000
37064.000000
37289.000000
37073.000000
37073.000000
37067.000000
37070.000000
37076.000000
37295.000000
37268.000000
37076.000000
37292.000000
37076.000000
37076.000000
37067.000000
37274.000000
37274.000000
37082.000000
37076.000000
37295.000000
37082.000000
37082.000000
37076.000000
37277.000000
37277.000000
37265.000000
37265.000000
37274.000000
39932.000000
37082.000000
37094.000000
37013.000000
37274.000000
37019.000000
36995.000000
37073.000000
37013.000000
222686.000000
37271.000000
37280.000000
37274.000000
37274.000000
37007.000000
37271.000000
37271.000000
37271.000000
37271.000000
37268.000000
37079.000000
37283.000000
37016.000000
37019.000000
37016.000000
37016.000000
37010.000000
37271.000000
37013.000000
37271.000000
37283.000000
37007.000000
37277.000000
37292.000000
37010.000000
37082.000000
37277.000000
37019.000000
37277.000000
37271.000000
37268.000000
37010.000000
37280.000000
37013.000000
37268.000000
37013.000000
37277.000000
37277.000000
37271.000000
48743.000000
37073.000000
37082.000000
37085.000000
37289.000000
37073.000000
37079.000000
37280.000000
37061.000000
37085.000000
37064.000000
37073.000000
37280.000000
37289.000000
37283.000000
37073.000000
37079.000000
37268.000000
37076.000000
37265.000000
37268.000000
37067.000000
37076.000000
37265.000000
40160.000000
37079.000000
37289.000000
37082.000000
37073.000000
37082.000000
37079.000000
37268.000000
37283.000000
37058.000000
37274.000000
37289.000000
37271.000000
37085.000000
37070.000000
37268.000000
37070.000000
37271.000000
37286.000000
37286.000000
37283.000000
37079.000000
37262.000000
37430.000000
37070.000000
37058.000000
37271.000000
37271.000000
37274.000000
37064.000000
37277.000000
37274.000000
37070.000000
37082.000000
37073.000000
37073.000000
37274.000000
37001.000000
37010.000000
37004.000000
37271.000000
37283.000000
37016.000000
37001.000000
37271.000000
37277.000000
37280.000000
37019.000000
37289.000000
37004.000000
37031.000000
36998.000000
37025.000000
37001.000000
37274.000000
37013.000000
37271.000000
37268.000000
37010.000000
37265.000000
37280.000000
37004.000000
37262.000000
37280.000000
37268.000000
37277.000000
37274.000000
37004.000000
37016.000000
37076.000000
37274.000000
37070.000000
37040.000000
38996.000000
37079.000000
37283.000000
37067.000000
37073.000000
37085.000000
37274.000000
37067.000000
37064.000000
36998.000000
37004.000000
37082.000000
37010.000000
37007.000000
37013.000000
37001.000000
37010.000000
37013.000000
37274.000000
36995.000000
37076.000000
37280.000000
37001.000000
37283.000000
36995.000000
36998.000000
37004.000000
36998.000000
37007.000000
37268.000000
37010.000000
37271.000000
37016.000000
37004.000000
37001.000000
37277.000000
37280.000000
37019.000000
37280.000000
37301.000000
37070.000000
37271.000000
37076.000000
37286.000000
37271.000000
37265.000000
37274.000000
37004.000000
37022.000000
37271.000000
37268.000000
37010.000000
37289.000000
37013.000000
37271.000000
37271.000000
37286.000000
37280.000000
37076.000000
37289.000000
37034.000000
37271.000000
37301.000000
37001.000000
37070.000000
37271.000000
37103.000000
37271.000000
37271.000000
15910046.000000
42086.000000
42290.000000
42056.000000
42275.000000
42269.000000
41999.000000
41999.000000
41960.000000
41981.000000
42035.000000
42047.000000
42281.000000
42266.000000
42284.000000
41969.000000
41996.000000
41963.000000
42284.000000
60839.000000
37079.000000
37010.000000
37007.000000
37079.000000
37274.000000
37016.000000
36998.000000
37061.000000
37061.000000
37001.000000
37280.000000
37016.000000
37010.000000
37292.000000
37268.000000
37019.000000
37013.000000
37286.000000
37001.000000
37289.000000
37007.000000
37271.000000
37280.000000
37085.000000
36998.000000
37274.000000
37268.000000
37292.000000
37028.000000
37280.000000
37004.000000
37007.000000
37268.000000
37013.000000
37277.000000
37271.000000
37274.000000
37028.000000
37283.000000
37085.000000
37292.000000
37268.000000
37010.000000
37079.000000
37034.000000
37271.000000
37268.000000
37007.000000
37274.000000
37274.000000
37262.000000
37013.000000
37016.000000
39095.000000
38498.000000
37268.000000
37022.000000
37265.000000
37277.000000
37271.000000
37289.000000
37073.000000
37007.000000
37280.000000
37076.000000
37280.000000
37031.000000
37001.000000
37274.000000
37010.000000
37268.000000
37007.000000
37286.000000
37283.000000
37268.000000
37283.000000
37274.000000
37277.000000
37064.000000
37277.000000
37286.000000
37268.000000
37022.000000
37274.000000
36995.000000
37010.000000
37262.000000
36998.000000
36995.000000
37007.000000
37286.000000
37274.000000
36995.000000
37079.000000
37277.000000
37268.000000
36998.000000
37001.000000
37277.000000
36866.000000
37073.000000
37289.000000
37289.000000
37010.000000
37277.000000
37268.000000