293126.000000
173003.000000
167987.000000
172892.000000
214856.000000
223037.000000
162170.000000
170366.000000
166004.000000
165722.000000
160049.000000
160538.000000
519797.000000
176627.000000
164843.000000
174038.000000
627935.000000
216854.000000
166235.000000
168824.000000
169280.000000
170123.000000
166703.000000
170681.000000
173783.000000
165287.000000
168437.000000
169319.000000
245315.000000
196601.000000
176357.000000
173234.000000
171899.000000
484346.000000
168980.000000
173984.000000
168953.000000
165989.000000
222185.000000
689858.000000
179297.000000
172205.000000
202805.000000
172370.000000
187805.000000
168728.000000
178016.000000
186032.000000
240275.000000
285329.000000
479696.000000
962993.000000
163766.000000
161519.000000
224474.000000
174905.000000
1508768.000000
186611.000000
222404.000000
481868.000000
187289.000000
198740.000000
172544.000000
198689.000000
175571.000000
250247.000000
382772.000000
606164.000000
211598.000000
169799.000000
213674.000000
182492.000000
167774.000000
278282.000000
163064.000000
189953.000000
165548.000000
158288.000000
188705.000000
189569.000000
226247.000000
186569.000000
259343.000000
156566.000000
512798.000000
218921.000000
166799.000000
196034.000000
174869.000000
157739.000000
194099.000000
209108.000000
222503.000000
158198.000000
190646.000000
206543.000000
206801.000000
235355.000000
677327.000000
287573.000000