69752.000000
69407.000000
69368.000000
69356.000000
69335.000000
69335.000000
69338.000000
69338.000000
69338.000000
69338.000000
69338.000000
69338.000000
69335.000000
69338.000000
69341.000000
69338.000000
69338.000000
69335.000000
69335.000000
69338.000000
69338.000000
69338.000000
69341.000000
69338.000000
69338.000000
69341.000000
69338.000000
69338.000000
69335.000000
69335.000000
69338.000000
69338.000000
69335.000000
69338.000000
69347.000000
69338.000000
69335.000000
69338.000000
69338.000000
69335.000000
69338.000000
69341.000000
69335.000000
69338.000000
69335.000000
69338.000000
69341.000000
69338.000000
69338.000000
69338.000000
69338.000000
69338.000000
69338.000000
69335.000000
69335.000000
69335.000000
69335.000000
69338.000000
69347.000000
69347.000000
69341.000000
69335.000000
69335.000000
69338.000000
432572.000000
69338.000000
69341.000000
69338.000000
69338.000000
69341.000000
69341.000000
69338.000000
69338.000000
69350.000000
70712.000000
69335.000000
69338.000000
69335.000000
69335.000000
69335.000000
69338.000000
69338.000000
69344.000000
69335.000000
69335.000000
69335.000000
69338.000000
69341.000000
69335.000000
69335.000000
69338.000000
69338.000000
69338.000000
69338.000000
69347.000000
69335.000000
69347.000000
69338.000000
69347.000000
69338.000000
69338.000000
69338.000000
69338.000000
69335.000000
69335.000000
69344.000000
69338.000000
69347.000000
69338.000000
69347.000000
69338.000000
69338.000000
69335.000000
69335.000000
69338.000000
69338.000000
69335.000000
69335.000000
69335.000000
69341.000000
69341.000000
69338.000000
69347.000000
69335.000000
69338.000000
69341.000000
69335.000000
69335.000000
69338.000000
69338.000000
69344.000000
69335.000000
69335.000000
69335.000000
69338.000000
69347.000000
69341.000000
69341.000000
69338.000000
69338.000000
69338.000000
69338.000000
69344.000000
69338.000000
69335.000000
69338.000000
69338.000000
70610.000000
69338.000000
69347.000000
69347.000000
69338.000000
69344.000000
69335.000000
69338.000000
69338.000000
69347.000000
69335.000000
69338.000000
69341.000000
69335.000000
69335.000000
69335.000000
69335.000000
69335.000000
69338.000000
69338.000000
69335.000000
69335.000000
69338.000000
69341.000000
69338.000000
69338.000000
69341.000000
69338.000000
69338.000000
69335.000000
69344.000000
69335.000000
69335.000000
69335.000000
69338.000000
69338.000000
69338.000000
69338.000000
69341.000000
69335.000000
69347.000000
69338.000000
69338.000000
69335.000000
69338.000000
69338.000000
69335.000000
69338.000000
69341.000000
69338.000000
69341.000000
69338.000000
69335.000000
69338.000000
69347.000000
69341.000000
69335.000000
69335.000000
258392.000000
72098.000000
69341.000000
69338.000000
69347.000000
69338.000000
69338.000000
69338.000000
69338.000000
69338.000000
69350.000000
69338.000000
69338.000000
69341.000000
69338.000000
70646.000000
69335.000000
69338.000000
69347.000000
69341.000000
69338.000000
69347.000000
69335.000000
69335.000000
69338.000000
69335.000000
69335.000000
69338.000000
69341.000000
69335.000000
69335.000000
69347.000000
83402.000000
69335.000000
69335.000000
69335.000000
69338.000000
69341.000000
69335.000000
69335.000000
69338.000000
69338.000000
69338.000000
69341.000000
69335.000000
69338.000000
69335.000000
69344.000000
69335.000000
69338.000000
69335.000000
69338.000000
69341.000000
69338.000000
69335.000000
69335.000000
69344.000000
69335.000000
69341.000000
69338.000000
69338.000000
69335.000000
69335.000000
69335.000000
3271385.000000
78065.000000
78059.000000
78059.000000
78032.000000
78041.000000
78029.000000
78041.000000
90746.000000
69338.000000
69338.000000
69338.000000
69338.000000
69338.000000
69350.000000
69338.000000
69338.000000
69338.000000
69347.000000
69338.000000
69347.000000
69338.000000
69347.000000
69338.000000
69338.000000
69338.000000
69341.000000
69341.000000
69338.000000
69338.000000
69338.000000
69338.000000
69338.000000
69338.000000
69338.000000
69335.000000
69338.000000
69347.000000
69338.000000
69338.000000
69338.000000
69338.000000
69338.000000
69338.000000
69338.000000
69347.000000
69338.000000
69341.000000
373196.000000
69341.000000
71552.000000
69341.000000
69338.000000
69338.000000
69338.000000
69338.000000
69338.000000
69338.000000
69350.000000
69341.000000
69335.000000
69335.000000
69335.000000
69338.000000
69338.000000
69338.000000
69338.000000
69338.000000
69338.000000
69335.000000
69338.000000
69338.000000
69344.000000
70598.000000
69341.000000
69338.000000
69338.000000
69338.000000
69338.000000
69341.000000
69338.000000
69338.000000
69338.000000
69338.000000
69347.000000
69347.000000
69338.000000
69341.000000
69344.000000
69338.000000
69341.000000
69347.000000
69338.000000
69338.000000
69338.000000
69338.000000
69338.000000
69338.000000
69338.000000
69338.000000
69338.000000
69338.000000
69338.000000
69335.000000
69338.000000
69335.000000
69338.000000
69338.000000
69338.000000
69338.000000
69335.000000
69338.000000
69338.000000
69338.000000
69338.000000
69338.000000
69338.000000
69335.000000
69338.000000
69338.000000
69338.000000
69338.000000
69338.000000
69341.000000
69338.000000
69338.000000
69338.000000
69338.000000
69347.000000
69338.000000
69335.000000
69335.000000
69338.000000
69335.000000
69338.000000
69350.000000
69341.000000
69335.000000
69335.000000
69335.000000
69338.000000
69338.000000
69338.000000
69341.000000
69338.000000
69338.000000
69338.000000
70505.000000
69335.000000
69338.000000
69338.000000
69341.000000
69338.000000
69341.000000
69338.000000
69338.000000
69338.000000
69338.000000
69338.000000
69338.000000
69341.000000
69338.000000
69338.000000
69335.000000
69347.000000
69338.000000
69338.000000
69335.000000
69338.000000
69341.000000
69335.000000
69338.000000
69338.000000
69338.000000
69338.000000
69341.000000
69338.000000
69338.000000
69347.000000
69335.000000
69338.000000
69338.000000
69338.000000
69338.000000
69335.000000
69338.000000
69338.000000
69335.000000
69335.000000
69338.000000
69338.000000
69347.000000
69338.000000
69338.000000
69338.000000
251762.000000
69347.000000
69338.000000
69338.000000
69338.000000
69347.000000
69338.000000
69338.000000
69338.000000
69347.000000
69347.000000
69338.000000
69338.000000
69338.000000
69338.000000
69341.000000
69338.000000
85928.000000
69350.000000
69338.000000
69338.000000
69338.000000
69338.000000
69338.000000
69335.000000
70682.000000
69338.000000
69338.000000
69341.000000
69338.000000
69338.000000
69347.000000
285728.000000
69338.000000
69341.000000
69338.000000
69347.000000
69338.000000
69338.000000
69338.000000
69335.000000
69338.000000
69338.000000
69335.000000
69335.000000
69338.000000
69338.000000
69335.000000
69335.000000
69338.000000
69338.000000
69338.000000
69338.000000
69338.000000
69338.000000
69338.000000
69338.000000
69338.000000
69338.000000
69338.000000
69338.000000
69341.000000
69338.000000
69338.000000
69338.000000
69338.000000
69335.000000
69338.000000
69338.000000
69338.000000
69338.000000
69338.000000
69338.000000
69338.000000
69338.000000
69335.000000
69338.000000
69338.000000
69338.000000
69341.000000
69338.000000
69341.000000
69338.000000
69338.000000
69347.000000
69338.000000
69341.000000
69338.000000
69338.000000
69338.000000
69338.000000
69338.000000
69338.000000
69338.000000
69338.000000
69335.000000
69338.000000
69338.000000
70619.000000
69335.000000
69338.000000
69341.000000
69335.000000
69335.000000
69335.000000
69341.000000
69347.000000
69335.000000
69341.000000
69341.000000
69335.000000
69338.000000
69347.000000
69338.000000
69344.000000
69338.000000
69338.000000
69338.000000
69338.000000
69338.000000
69341.000000
69338.000000
69338.000000
69338.000000
69341.000000
69338.000000
69338.000000
69338.000000
69338.000000
69335.000000
69341.000000
69338.000000
69338.000000
69338.000000
69338.000000
69347.000000
69338.000000
69338.000000
69335.000000
69338.000000
69338.000000
69338.000000
69338.000000
69338.000000
296003.000000
69335.000000
69338.000000
69338.000000
69338.000000
69341.000000
69338.000000
69338.000000
69338.000000
69341.000000
69338.000000
69338.000000
69335.000000
69350.000000
69338.000000
69338.000000
69338.000000
69341.000000
69338.000000
69341.000000
69338.000000
69338.000000
69347.000000
69338.000000
69338.000000
69338.000000
69338.000000
70547.000000
69341.000000
69338.000000
69341.000000
69335.000000
69338.000000
69338.000000
69335.000000
69338.000000
69338.000000
69335.000000
69338.000000
69338.000000
69341.000000
69335.000000
69338.000000
69338.000000
69338.000000
69338.000000
69338.000000
154217.000000
69338.000000
69338.000000
69338.000000
69338.000000
69338.000000
69338.000000
69347.000000
69338.000000
69335.000000
69338.000000
69338.000000
69335.000000
69338.000000
69338.000000
69338.000000
69338.000000
69338.000000
69338.000000
69338.000000
69338.000000
69347.000000
69341.000000
69344.000000
69338.000000
69338.000000
69335.000000
69338.000000
69338.000000
69338.000000
69338.000000
69335.000000
69338.000000
69338.000000
69338.000000
69338.000000
69347.000000
69338.000000
69338.000000
69338.000000
69341.000000
69338.000000
69338.000000
69338.000000
69338.000000
69338.000000
69338.000000
69347.000000
69338.000000
69338.000000
69347.000000
69338.000000
69338.000000
70577.000000
69335.000000
69338.000000
69341.000000
69338.000000
69338.000000
69335.000000
69338.000000
69338.000000
69335.000000
69338.000000
69338.000000
69338.000000
69338.000000
69335.000000
69338.000000
69338.000000
69347.000000
69338.000000
69338.000000
69350.000000
69338.000000
69338.000000
69338.000000
69338.000000
69335.000000
69335.000000
69338.000000
69338.000000
69338.000000
69338.000000
69335.000000
69338.000000
69338.000000
69347.000000
69347.000000
69347.000000
69347.000000
69338.000000
69338.000000
69338.000000
69335.000000
69338.000000
275429.000000
72368.000000
69347.000000
69338.000000
69338.000000
69335.000000
69344.000000
69335.000000
69338.000000
69338.000000
69338.000000
69338.000000
69338.000000
69338.000000
69338.000000
69338.000000
69335.000000
69347.000000
69338.000000
69338.000000
69338.000000
69338.000000
69341.000000
69338.000000
69338.000000
69341.000000
69335.000000
69338.000000
69338.000000
69338.000000
70613.000000
69353.000000
69338.000000
69338.000000
69338.000000
69338.000000
69335.000000
69338.000000
69338.000000
69335.000000
69338.000000
69350.000000
69347.000000
69338.000000
69338.000000
69338.000000
69338.000000
69335.000000
69338.000000
69338.000000
69335.000000
69338.000000
69338.000000
69338.000000
69347.000000
69338.000000
69338.000000
69338.000000
69338.000000
69341.000000
69335.000000
69338.000000
69338.000000
69338.000000
69338.000000
69338.000000
69338.000000
69338.000000
69338.000000
69335.000000
69338.000000
69338.000000
69338.000000
69338.000000
69338.000000
69338.000000
69338.000000
69347.000000
69338.000000
69338.000000
69338.000000
69338.000000
69341.000000
69338.000000
69341.000000
69344.000000
69338.000000
69338.000000
69338.000000
69341.000000
69338.000000
69338.000000
69335.000000
69338.000000
69338.000000
69347.000000
69338.000000
69347.000000
69338.000000
69341.000000
69347.000000
69338.000000
69347.000000
70574.000000
69335.000000
69338.000000
69341.000000
69335.000000
69347.000000
69335.000000
69338.000000
69341.000000
69338.000000
69347.000000
69338.000000
69338.000000
69350.000000
69338.000000
69338.000000
69347.000000
69338.000000
69335.000000
69338.000000
69338.000000
69341.000000
69338.000000
69338.000000
69338.000000
69338.000000
69338.000000
69341.000000
69338.000000
69341.000000
69338.000000
69350.000000
69338.000000
69338.000000
69347.000000
69338.000000
69347.000000
73694.000000
69338.000000
69341.000000
69338.000000
69338.000000
69338.000000
69347.000000
69338.000000
69338.000000
69338.000000
69347.000000
69338.000000
69338.000000
69350.000000
69338.000000
69338.000000
69338.000000
69338.000000
69341.000000
69347.000000
69338.000000
69338.000000
69338.000000
69338.000000
69347.000000
69335.000000
69338.000000
69338.000000
69341.000000
69350.000000
69338.000000
69338.000000
69338.000000
69341.000000
69338.000000
69338.000000
70685.000000
69368.000000
69338.000000
69338.000000
69335.000000
69338.000000
69338.000000
69335.000000
69338.000000
69341.000000
69338.000000
69338.000000
69338.000000
69338.000000
69335.000000
69344.000000
69338.000000
69338.000000
69338.000000
69338.000000
69338.000000
69338.000000
69338.000000
69338.000000
69338.000000
69338.000000
69338.000000
69338.000000
69341.000000
69338.000000
69338.000000
69338.000000
69341.000000
69335.000000
69338.000000
69338.000000
69338.000000
69338.000000
69335.000000
69338.000000
69338.000000
69338.000000
69338.000000
69338.000000
69338.000000
69338.000000
69335.000000
69338.000000
69338.000000
69335.000000
69338.000000
69338.000000
69335.000000
69338.000000
69347.000000
69341.000000
69335.000000
69347.000000
69338.000000
69338.000000
69338.000000
69341.000000
69338.000000
69338.000000
69338.000000
69338.000000
69338.000000
69338.000000
69335.000000
69338.000000
69338.000000
69338.000000
69338.000000