45359.000000
44567.000000
47729.000000
45053.000000
44549.000000
44525.000000
45233.000000
45266.000000
45275.000000
44549.000000
44549.000000
44549.000000
44525.000000
44516.000000
45275.000000
44525.000000
407600.000000
44546.000000
44552.000000
45218.000000
44525.000000
45053.000000
45050.000000
45053.000000
45227.000000
45266.000000
45266.000000
45017.000000
45275.000000
45044.000000
44531.000000
45053.000000
44534.000000
44534.000000
44549.000000
44540.000000
44540.000000
44540.000000
44549.000000
44531.000000
44531.000000
44531.000000
44531.000000
44543.000000
45233.000000
44540.000000
44549.000000
44522.000000
44540.000000
44534.000000
44540.000000
44525.000000
45053.000000
44549.000000
44516.000000
44516.000000
45053.000000
44549.000000
44561.000000
44540.000000
44531.000000
44540.000000
44549.000000
44534.000000
44549.000000
44552.000000
44549.000000
44552.000000
45053.000000
45233.000000
44522.000000
44516.000000
44543.000000
45062.000000
46889.000000
44708.000000
45230.000000
45230.000000
44546.000000
44528.000000
45017.000000
44528.000000
45230.000000
45227.000000
45008.000000
45017.000000
45008.000000
45314.000000
45230.000000
44528.000000
44546.000000
44522.000000
44546.000000
44531.000000
45014.000000
44522.000000
45023.000000
45227.000000
45017.000000
44546.000000
44522.000000
44546.000000
44519.000000
44528.000000
45008.000000
44531.000000
45227.000000
44531.000000
44546.000000
44531.000000
44546.000000
44546.000000
44546.000000
45026.000000
44519.000000
44546.000000
44546.000000
44519.000000
44528.000000
45026.000000
44516.000000
45245.000000
44519.000000
44519.000000
44528.000000
44531.000000
44531.000000
44522.000000
45230.000000
44537.000000
44519.000000
45023.000000
44528.000000
45017.000000
45239.000000
44522.000000
45014.000000
44522.000000
44534.000000
44531.000000
44516.000000
44534.000000
44546.000000
45026.000000
45014.000000
45317.000000
45008.000000
46802.000000
44534.000000
44531.000000
44549.000000
45026.000000
44534.000000
44528.000000
45050.000000
44519.000000
45050.000000
44537.000000
44522.000000
44537.000000
44540.000000
44531.000000
45047.000000
44546.000000
44537.000000
44531.000000
44546.000000
44540.000000
44519.000000
60935.000000
45236.000000
45218.000000
44546.000000
44522.000000
44516.000000
45023.000000
44528.000000
45314.000000
44522.000000
45014.000000
44531.000000
44528.000000
44519.000000
44531.000000
44531.000000
45314.000000
45230.000000
45017.000000
44546.000000
44531.000000
44537.000000
44546.000000
45050.000000
45050.000000
44528.000000
44528.000000
45017.000000
44522.000000
44522.000000
45017.000000
44528.000000
45221.000000
45017.000000
44528.000000
44528.000000
44519.000000
44531.000000
44522.000000
45023.000000
45014.000000
45017.000000
44516.000000
44525.000000
45230.000000
45008.000000
44531.000000
44516.000000
44531.000000
44531.000000
45026.000000
46406.000000
52772.000000
45242.000000
44525.000000
44534.000000
44540.000000
44531.000000
44537.000000
45038.000000
44702.000000
45227.000000
44549.000000
45020.000000
45017.000000
44549.000000
44534.000000
44540.000000
44534.000000
44552.000000
44525.000000
44552.000000
44525.000000
44696.000000
45233.000000
44549.000000
44546.000000
44702.000000
45269.000000
44525.000000
45053.000000
45017.000000
44552.000000
45275.000000
45266.000000
44564.000000
45023.000000
45266.000000
44549.000000
44546.000000
44552.000000
45266.000000
45044.000000
45050.000000
45506.000000
44552.000000
45221.000000
44528.000000
44525.000000
45233.000000
44525.000000
45224.000000
45233.000000
44549.000000
44531.000000
45017.000000
44549.000000
44528.000000
45230.000000
44693.000000
44549.000000
45050.000000
44705.000000
45008.000000
44549.000000
45026.000000
44555.000000
45020.000000
45023.000000
44519.000000
44546.000000
44540.000000
44516.000000
45008.000000
46187.000000
44522.000000
45275.000000
44537.000000
45314.000000
45053.000000
45017.000000
44540.000000
44549.000000
45017.000000
44549.000000
44519.000000
45026.000000
45053.000000
44534.000000
44549.000000
44519.000000
45233.000000
44549.000000
44531.000000
44531.000000
44546.000000
44522.000000
44552.000000
45233.000000
44549.000000
45233.000000
44537.000000
44522.000000
44540.000000
44540.000000
44516.000000
44531.000000
44525.000000
45266.000000
44552.000000
44549.000000
45227.000000
44549.000000
45230.000000
45233.000000
44552.000000
45233.000000
44549.000000
44534.000000
44549.000000
44546.000000
44540.000000
44525.000000
44522.000000
44522.000000
44540.000000
44543.000000
45266.000000
44525.000000
44543.000000
44525.000000
44699.000000
44543.000000
45053.000000
44549.000000
45020.000000
44552.000000
44549.000000
44519.000000
45230.000000
44525.000000
44549.000000
44525.000000
45017.000000
44549.000000
45023.000000
44540.000000
54395.000000
45026.000000
45032.000000
44534.000000
44549.000000
44516.000000
44549.000000
44549.000000
44549.000000
44540.000000
44543.000000
45062.000000
45275.000000
45062.000000
45062.000000
45266.000000
44531.000000
44693.000000
44525.000000
44525.000000
44516.000000
44540.000000
44525.000000
45266.000000
44516.000000
45233.000000
44552.000000
45035.000000
44540.000000
44522.000000
44516.000000
44540.000000
44549.000000
44696.000000
45053.000000
45233.000000
44549.000000
45062.000000
45275.000000
45053.000000
44549.000000
44516.000000
45275.000000
44525.000000
44549.000000
44540.000000
44531.000000
44531.000000
44549.000000
44540.000000
44540.000000
44549.000000
44531.000000
44549.000000
3331988.000000
130409.000000
50963.000000
51137.000000
50384.000000
50546.000000
50918.000000
51188.000000
50927.000000
51188.000000
50381.000000
50918.000000
50543.000000
51188.000000
51167.000000
50393.000000
51137.000000
50384.000000
50363.000000
48809.000000
46904.000000
46331.000000
46328.000000
46853.000000
46328.000000
65201.000000
44534.000000
44540.000000
45317.000000
45032.000000
44534.000000
44534.000000
44534.000000
45227.000000
44534.000000
44540.000000
44543.000000
45242.000000
45032.000000
44540.000000
44537.000000
44531.000000
44534.000000
44555.000000
45053.000000
45218.000000
44519.000000
44528.000000
44543.000000
44549.000000
44675.000000
44543.000000
45221.000000
45230.000000
47720.000000
44537.000000
45002.000000
44555.000000
44519.000000
44540.000000
44684.000000
44528.000000
44555.000000
47717.000000
45218.000000
44894.000000
45008.000000
44549.000000
44555.000000
45227.000000
45230.000000
45239.000000
44531.000000
45227.000000
45236.000000
45005.000000
45509.000000
44999.000000
44885.000000
44684.000000
45020.000000
64427.000000
45017.000000
44531.000000
45020.000000
44531.000000
44513.000000
44522.000000
44513.000000
44522.000000
44543.000000
45056.000000
46442.000000
45236.000000
44531.000000
44534.000000
44543.000000
45020.000000
45224.000000
258629.000000
44546.000000
52793.000000
44540.000000
44675.000000
52772.000000
47708.000000
45035.000000
44534.000000
45035.000000
45224.000000
44555.000000
44543.000000
44519.000000
44534.000000
44555.000000
45053.000000
45215.000000
44894.000000
47708.000000
45227.000000
45227.000000
45017.000000
45071.000000
44534.000000
44675.000000
44894.000000
47720.000000
45530.000000
44534.000000
44528.000000
45017.000000
44534.000000
44534.000000
45020.000000
44543.000000
44519.000000
45224.000000
44531.000000
44546.000000
52763.000000
45035.000000
44522.000000
44540.000000
44885.000000
44534.000000
44888.000000
45530.000000
44999.000000
44990.000000
44888.000000
44516.000000
372959.000000
44522.000000
44528.000000
45230.000000
45035.000000
45305.000000
45221.000000
44540.000000
44528.000000
45050.000000
45026.000000
45017.000000
44531.000000
44531.000000
46079.000000
45230.000000
44513.000000
44546.000000
44537.000000
45026.000000
44534.000000
44525.000000
56042.000000
44522.000000
44552.000000
45017.000000
44546.000000
44531.000000
44528.000000
45011.000000
45236.000000
45014.000000
44528.000000
44543.000000
44531.000000
45017.000000
44522.000000
44525.000000
45014.000000
44528.000000
45038.000000
44534.000000
44531.000000
44525.000000
45224.000000
45014.000000
44528.000000
44546.000000
45314.000000
45005.000000
44549.000000
44525.000000
45017.000000
44534.000000
44537.000000
44525.000000
45020.000000
44546.000000
44519.000000
44522.000000
44528.000000
45230.000000
45230.000000
44528.000000
44516.000000
44525.000000
45224.000000
45230.000000
44528.000000
44534.000000
45305.000000
45233.000000
44528.000000
45017.000000
44519.000000
44522.000000
44549.000000
52784.000000
44525.000000
45002.000000
45017.000000
44534.000000
45236.000000
44531.000000
45221.000000
44534.000000
45224.000000
46292.000000
44564.000000
44519.000000
44525.000000
44543.000000
44528.000000
44525.000000
52775.000000
44519.000000
44552.000000
44519.000000
45026.000000
44546.000000
44519.000000
44537.000000
44609.000000
45017.000000
44525.000000
45221.000000
45017.000000
44528.000000
45008.000000
45221.000000
44537.000000
45011.000000
45035.000000
44522.000000
44528.000000
45227.000000
45032.000000
44528.000000
45212.000000
45032.000000
44519.000000
44546.000000
44543.000000
44528.000000
44540.000000
44534.000000
44531.000000
44522.000000
44534.000000
44525.000000
44555.000000
44555.000000
44522.000000
45212.000000
44531.000000
45017.000000
45230.000000
45050.000000
44528.000000
44540.000000
44546.000000
45314.000000
45230.000000
44528.000000
44549.000000
44546.000000
44519.000000
44549.000000
45026.000000
44531.000000
44528.000000
45227.000000
45230.000000
45011.000000
45221.000000
45023.000000
44519.000000
45227.000000
44546.000000
45017.000000
44531.000000
46223.000000
44696.000000
45017.000000
44522.000000
44525.000000
45029.000000
44519.000000
45059.000000
44531.000000
44513.000000
45233.000000
44531.000000
44552.000000
45227.000000
45227.000000
45008.000000
44540.000000
45725.000000
45224.000000
45035.000000
44531.000000
45227.000000
44543.000000
44552.000000
44534.000000
44519.000000
45236.000000
45020.000000
45014.000000
45251.000000
45002.000000
45017.000000
44552.000000
45008.000000
231254.000000
47708.000000
45233.000000
44531.000000
44669.000000
45038.000000
45227.000000
45059.000000
44543.000000
45032.000000
44540.000000
44516.000000
44519.000000
44528.000000
45041.000000
44543.000000
45035.000000
45005.000000
45038.000000
44519.000000
44531.000000
44516.000000
44531.000000
44612.000000
44528.000000
52742.000000
44525.000000
45035.000000
44546.000000
44525.000000
44528.000000
45233.000000
44531.000000
44522.000000
44549.000000
44525.000000
45008.000000
44528.000000
45017.000000
46421.000000
44531.000000
44531.000000
44549.000000
44519.000000
44546.000000
44993.000000
45059.000000
44519.000000
44528.000000
45227.000000
45029.000000
44549.000000
44540.000000
44537.000000
44546.000000
44531.000000
44546.000000
44534.000000
44531.000000
44534.000000
44531.000000
44534.000000
45221.000000
44522.000000
44519.000000
45014.000000
45227.000000
44528.000000
44519.000000
44516.000000
44534.000000
44534.000000
45026.000000
44528.000000
44528.000000
44522.000000
44546.000000
44525.000000
52772.000000
45221.000000
45230.000000
45230.000000
45020.000000
45230.000000
45224.000000
45230.000000
45032.000000
45005.000000
45059.000000
45032.000000
45227.000000
44534.000000
45728.000000
45236.000000
45023.000000
44549.000000
44549.000000
44540.000000
44540.000000
52790.000000
44540.000000
45311.000000
44540.000000
44525.000000
45221.000000
45011.000000
44528.000000
44525.000000
45230.000000
45236.000000
45227.000000
45227.000000
46055.000000
45239.000000
44543.000000
44546.000000
45011.000000
45236.000000
45035.000000
44522.000000
44540.000000
44531.000000
44549.000000
44708.000000
45221.000000
45230.000000
44519.000000
45233.000000
44543.000000
45023.000000
44528.000000
45038.000000
45017.000000
44519.000000
45035.000000
45230.000000
45035.000000
45005.000000
45224.000000
44519.000000
45011.000000
44528.000000
45026.000000
45230.000000
44519.000000
45233.000000
44540.000000
44531.000000
44519.000000
45314.000000
45236.000000
45233.000000
44525.000000
45017.000000
44540.000000
44540.000000
45017.000000
45227.000000
45230.000000
45224.000000
45053.000000
45014.000000
44531.000000
45032.000000
45035.000000
45236.000000
45725.000000
45014.000000
45236.000000
45227.000000
45041.000000
45023.000000
44531.000000
44534.000000
44540.000000
44546.000000
45224.000000
45014.000000
45035.000000
44513.000000
45221.000000
44519.000000
45233.000000
44531.000000
44546.000000
46796.000000
245222.000000
48110.000000
44567.000000
44531.000000
45245.000000
45227.000000
45050.000000
44522.000000
45017.000000
45026.000000
44531.000000
45023.000000
44528.000000
44528.000000
45227.000000
45230.000000
44519.000000
45233.000000
44522.000000
44531.000000
44525.000000
45230.000000
45230.000000
45014.000000
44528.000000
44525.000000
44531.000000
45050.000000
44546.000000
44528.000000
44528.000000
44522.000000
44528.000000
44546.000000
44546.000000
44525.000000
44528.000000
44531.000000
44531.000000
45017.000000
45227.000000
45227.000000
44528.000000
45023.000000
45017.000000
44531.000000
44528.000000
45227.000000