404657.000000
2264270.000000
2195108.000000
2342432.000000
1895837.000000
1841933.000000
3029138.000000
2779103.000000
2276948.000000
1914620.000000
9422666.000000
2801531.000000
2343827.000000
1886366.000000
2383730.000000
2382587.000000
1922246.000000
1901450.000000
1826315.000000
3842525.000000
2832101.000000
3033242.000000
1980350.000000
1857083.000000
1827974.000000
1812311.000000
2216696.000000
1920749.000000
1816256.000000
1944815.000000
1861955.000000
1793900.000000
1796795.000000
2197085.000000
1897187.000000
1879481.000000
1821869.000000
1857983.000000
1813184.000000
2200088.000000
1946600.000000
1829216.000000
1813790.000000
1816373.000000
1844003.000000
1857044.000000
2192699.000000
1953989.000000
1812992.000000
3571136.000000
3050345.000000
2600621.000000
1994291.000000
1974116.000000
1971866.000000
1914668.000000
1917581.000000
2358899.000000
1922534.000000
1871264.000000
1881089.000000
16452122.000000
2858843.000000
2786321.000000
2825564.000000
2089433.000000
2016596.000000
7875575.000000
3548963.000000
3242495.000000
2767532.000000
3391229.000000
2750423.000000
2702180.000000
2352374.000000
2019176.000000
1951793.000000
1941761.000000
2133989.000000
1933193.000000
2295167.000000
1926506.000000
1944398.000000
1869188.000000
1891763.000000
1890572.000000
9107228.000000
2818550.000000
2770631.000000
2759450.000000
2474036.000000
2106635.000000
1997117.000000
5961680.000000
2801636.000000
2335481.000000
2244470.000000
16642730.000000
2846204.000000
2987957.000000