52919.000000
52880.000000
49691.000000
52973.000000
52895.000000
52955.000000
53024.000000
53048.000000
52997.000000
52967.000000
52982.000000
52955.000000
52949.000000
52967.000000
52967.000000
52991.000000
52904.000000
52949.000000
52913.000000
52904.000000
52955.000000
52928.000000
53000.000000
52985.000000
52967.000000
52967.000000
52967.000000
52967.000000
52976.000000
52949.000000
52967.000000
53030.000000
52949.000000
52949.000000
53030.000000
52973.000000
52985.000000
52967.000000
52973.000000
52991.000000
52919.000000
52913.000000
52940.000000
52904.000000
52958.000000
52946.000000
52940.000000
52949.000000
52976.000000
52967.000000
52925.000000
53000.000000
53030.000000
53003.000000
52916.000000
52928.000000
52967.000000
52973.000000
52922.000000
52982.000000
53030.000000
52967.000000
53030.000000
52973.000000
52982.000000
53030.000000
53030.000000
52973.000000
52949.000000
53045.000000
54395.000000
52886.000000
53054.000000
52973.000000
53054.000000
52973.000000
53000.000000
53054.000000
52973.000000
52919.000000
52910.000000
52973.000000
53054.000000
52979.000000
53039.000000
52988.000000
52973.000000
299141.000000
52955.000000
52919.000000
52913.000000
53000.000000
52967.000000
52961.000000
52991.000000
52958.000000
52913.000000
52982.000000
52967.000000
52949.000000
53021.000000
52967.000000
53048.000000
53012.000000
52949.000000
53030.000000
52967.000000
52967.000000
52967.000000
52973.000000
52985.000000
52967.000000
52967.000000
52940.000000
53030.000000
53030.000000
52949.000000
52949.000000
52940.000000
52973.000000
52976.000000
52931.000000
52892.000000
53039.000000
52973.000000
53024.000000
52967.000000
53021.000000
52940.000000
52949.000000
52967.000000
52949.000000
52892.000000
52949.000000
52967.000000
52967.000000
52982.000000
53045.000000
52967.000000
52967.000000
53021.000000
52967.000000
52967.000000
54188.000000
52946.000000
52973.000000
52967.000000
52889.000000
52967.000000
53021.000000
52949.000000
52967.000000
52964.000000
52949.000000
53030.000000
52949.000000
52967.000000
52967.000000
52949.000000
52949.000000
52967.000000
52949.000000
53030.000000
52949.000000
52949.000000
52967.000000
52967.000000
52967.000000
52895.000000
53030.000000
52895.000000
52949.000000
52955.000000
52967.000000
52967.000000
52967.000000
52973.000000
53048.000000
52904.000000
52949.000000
52967.000000
52973.000000
52961.000000
53006.000000
52955.000000
52982.000000
52973.000000
52925.000000
52982.000000
52967.000000
53021.000000
52907.000000
53030.000000
52958.000000
52955.000000
52982.000000
52991.000000
52967.000000
52949.000000
52973.000000
52898.000000
52949.000000
52973.000000
52913.000000
52973.000000
52961.000000
52925.000000
52913.000000
52967.000000
52940.000000
52955.000000
52967.000000
53030.000000
52949.000000
53009.000000
52964.000000
54299.000000
52943.000000
52949.000000
52889.000000
53045.000000
52931.000000
53054.000000
52913.000000
52973.000000
52931.000000
52973.000000
53021.000000
52982.000000
53021.000000
52967.000000
52973.000000
52922.000000
53018.000000
52955.000000
52973.000000
52895.000000
52982.000000
52967.000000
274892.000000
52934.000000
52991.000000
53054.000000
52910.000000
52988.000000
52961.000000
52982.000000
52982.000000
52997.000000
52970.000000
52955.000000
52910.000000
52955.000000
53054.000000
53054.000000
52979.000000
53036.000000
52973.000000
52859.000000
52973.000000
52994.000000
52967.000000
53054.000000
53039.000000
52919.000000
52910.000000
52973.000000
53000.000000
52973.000000
53030.000000
52901.000000
53000.000000
53030.000000
53036.000000
53030.000000
53054.000000
53039.000000
52955.000000
52979.000000
52940.000000
53027.000000
52961.000000
52946.000000
52955.000000
52946.000000
52943.000000
53000.000000
53027.000000
52973.000000
54275.000000
52946.000000
52946.000000
52994.000000
52973.000000
52958.000000
52955.000000
52955.000000
53030.000000
53030.000000
52910.000000
52973.000000
53054.000000
52973.000000
53000.000000
53054.000000
52955.000000
52991.000000
52898.000000
53039.000000
53018.000000
52991.000000
53003.000000
52961.000000
53045.000000
52973.000000
53030.000000
53054.000000
52973.000000
53030.000000
52988.000000
52910.000000
52940.000000
52973.000000
52991.000000
52904.000000
52973.000000
52934.000000
53042.000000
52988.000000
52964.000000
52919.000000
52991.000000
52940.000000
53000.000000
52940.000000
52967.000000
52991.000000
52961.000000
52919.000000
52961.000000
52937.000000
52901.000000
52955.000000
52973.000000
52973.000000
53036.000000
53054.000000
52934.000000
52934.000000
52904.000000
52967.000000
52895.000000
53054.000000
52973.000000
52946.000000
53015.000000
53054.000000
53015.000000
52919.000000
52910.000000
52988.000000
52961.000000
52973.000000
54197.000000
52928.000000
53021.000000
52895.000000
52895.000000
52967.000000
52985.000000
53036.000000
52982.000000
52922.000000
52982.000000
53030.000000
52994.000000
52982.000000
52973.000000
53048.000000
52958.000000
52967.000000
53030.000000
52979.000000
52907.000000
52949.000000
52922.000000
52919.000000
52910.000000
52919.000000
52934.000000
52991.000000
53045.000000
52937.000000
52931.000000
52892.000000
52967.000000
52991.000000
52979.000000
52973.000000
52946.000000
52973.000000
53003.000000
52961.000000
52961.000000
52991.000000
52973.000000
53039.000000
52928.000000
52928.000000
52988.000000
52973.000000
52988.000000
52979.000000
52979.000000
53027.000000
52904.000000
52979.000000
53054.000000
52997.000000
52901.000000
52898.000000
52922.000000
53036.000000
52973.000000
53054.000000
52973.000000
52928.000000
53030.000000
52973.000000
53018.000000
52946.000000
52973.000000
53054.000000
53036.000000
52979.000000
52973.000000
54245.000000
52907.000000
52904.000000
52973.000000
53012.000000
52919.000000
52967.000000
52988.000000
53048.000000
53030.000000
52991.000000
53021.000000
52949.000000
53030.000000
52967.000000
52949.000000
53030.000000
52967.000000
52949.000000
52967.000000
52949.000000
52967.000000
53030.000000
52973.000000
52919.000000
52982.000000
52922.000000
52997.000000
53021.000000
52976.000000
52979.000000
52931.000000
53009.000000
52967.000000
52955.000000
52958.000000
52955.000000
52967.000000
53030.000000
52949.000000
52949.000000
52967.000000
52967.000000
52973.000000
53009.000000
52994.000000
53024.000000
53021.000000
52967.000000
52949.000000
53030.000000
53021.000000
52940.000000
255002.000000
53054.000000
52958.000000
52904.000000
52967.000000
52973.000000
52955.000000
53036.000000
52991.000000
52991.000000
52988.000000
52973.000000
52895.000000
52925.000000
52913.000000
52955.000000
52934.000000
52961.000000
52991.000000
52934.000000
54305.000000
52886.000000
52856.000000
52949.000000
52967.000000
52973.000000
52958.000000
52967.000000
52973.000000
52973.000000
52973.000000
52967.000000
53048.000000
53030.000000
52949.000000
52967.000000
52967.000000
52958.000000
53030.000000
53030.000000
52973.000000
52982.000000
52976.000000
53021.000000
52949.000000
52967.000000
52967.000000
52967.000000
52940.000000
53030.000000
52967.000000
52949.000000
52967.000000
52967.000000
52946.000000
52934.000000
52967.000000
52895.000000
52949.000000
52973.000000
52895.000000
52955.000000
52949.000000
53012.000000
52934.000000
52985.000000
52967.000000
52967.000000
53030.000000
52949.000000
53030.000000
52967.000000
52973.000000
53045.000000
52973.000000
53012.000000
52982.000000
52949.000000
52976.000000
52985.000000
52928.000000
52892.000000
52949.000000
52940.000000
53045.000000
53021.000000
52913.000000
52967.000000
52973.000000
53045.000000
53030.000000
52967.000000
52967.000000
54233.000000
52940.000000
52895.000000
52922.000000
52934.000000
53021.000000
52961.000000
53045.000000
52967.000000
52967.000000
53030.000000
52931.000000
52994.000000
52967.000000
52928.000000
52982.000000
52967.000000
52976.000000
53021.000000
52967.000000
53021.000000
52949.000000
52967.000000
52940.000000
52952.000000
52967.000000
52949.000000
52967.000000
52949.000000
53021.000000
52973.000000
52931.000000
52949.000000
52973.000000
52904.000000
53030.000000
53024.000000
52958.000000
53048.000000
53021.000000
52922.000000
52955.000000
52967.000000
53030.000000
52913.000000
52955.000000
53009.000000
52928.000000
53030.000000
52967.000000
52967.000000
52967.000000
53030.000000
53030.000000
52979.000000
53030.000000
52967.000000
53030.000000
52973.000000
53015.000000
52967.000000
53039.000000
52895.000000
52916.000000
52967.000000
52982.000000
52967.000000
53030.000000
52967.000000
52967.000000
52949.000000
52973.000000
53012.000000
54230.000000
53072.000000
53048.000000
53054.000000
52973.000000
52913.000000
52967.000000
52967.000000
52967.000000
52982.000000
53045.000000
53021.000000
52967.000000
52955.000000
52913.000000
65135.000000
52958.000000
53039.000000
52934.000000
52988.000000
53030.000000
52982.000000
52961.000000
52919.000000
52940.000000
52919.000000
52934.000000
52961.000000
52931.000000
52973.000000
53054.000000
53039.000000
52988.000000
53009.000000
245024.000000
55664.000000
52904.000000
52973.000000
52973.000000
52955.000000
52970.000000
52910.000000
52919.000000
52898.000000
52988.000000
52991.000000
52988.000000
52955.000000
52946.000000
52973.000000
53003.000000
53000.000000
53054.000000
52982.000000
52988.000000
52988.000000
52961.000000
53054.000000
52958.000000
52904.000000
52955.000000
52919.000000
52940.000000
52955.000000
53036.000000
52904.000000
53030.000000
53039.000000
53054.000000
52958.000000
53054.000000
52973.000000
52919.000000
54269.000000
52934.000000
53030.000000
52949.000000
53030.000000
52967.000000
52940.000000
53030.000000
52949.000000
52973.000000
52913.000000
52973.000000
52985.000000
53021.000000
53030.000000
52958.000000
53045.000000
52919.000000
52967.000000
53045.000000
52949.000000
52967.000000
52949.000000
52967.000000
52949.000000
53021.000000
52973.000000
53045.000000
52982.000000
52955.000000
53030.000000
53021.000000
52973.000000
52982.000000
53021.000000
53000.000000
53030.000000
53021.000000
53030.000000
52949.000000
52955.000000
52922.000000
53030.000000
52904.000000
52955.000000
52856.000000
52949.000000
53021.000000
52949.000000
52973.000000
52895.000000
52934.000000
52904.000000
52949.000000
52967.000000
52967.000000
53030.000000
52982.000000
52982.000000
52967.000000
52967.000000
52949.000000
52949.000000
52949.000000
53030.000000
53045.000000
53045.000000
52928.000000
52907.000000
52943.000000
52949.000000
53030.000000
53030.000000
54266.000000
52991.000000
52979.000000
52982.000000
52904.000000
52967.000000
52967.000000
52955.000000
52967.000000
53045.000000
52913.000000
52967.000000
52967.000000
52949.000000
53000.000000
52967.000000
52967.000000
52919.000000
52949.000000
52931.000000
52895.000000
52967.000000
52949.000000
52976.000000
53021.000000
53030.000000
52949.000000
53030.000000
52949.000000
53030.000000
52973.000000
53024.000000
52949.000000
52973.000000
52982.000000
53030.000000
52967.000000
52967.000000
52973.000000
52985.000000
53030.000000
52973.000000
52967.000000
52931.000000
52904.000000
52967.000000
52949.000000
52973.000000
53036.000000
52928.000000
52967.000000
52967.000000
52967.000000
52976.000000
52967.000000
52967.000000
52967.000000
52967.000000
52967.000000
52949.000000
52949.000000
52967.000000
52967.000000
52940.000000
53030.000000
52967.000000
52973.000000
52973.000000
52973.000000
52949.000000
52940.000000
52973.000000
52958.000000
54200.000000
52934.000000
52973.000000
52919.000000
52982.000000
52967.000000
52949.000000
52973.000000
52955.000000
52967.000000
52928.000000
52982.000000
52901.000000
52967.000000
52967.000000
52967.000000
52949.000000
52949.000000
52967.000000
52946.000000
52958.000000
52928.000000
52895.000000
53030.000000
52949.000000
52967.000000
53021.000000
52973.000000
52958.000000
52967.000000
52967.000000
52967.000000
52967.000000
52967.000000
53030.000000
52967.000000
52973.000000
52904.000000
52967.000000
52949.000000
52973.000000
52955.000000
52967.000000
52967.000000
52931.000000
52904.000000
52904.000000
53003.000000
52895.000000
52982.000000
52949.000000
52973.000000
53024.000000
53030.000000
52967.000000
52967.000000
52967.000000
52973.000000
52982.000000
52973.000000
53048.000000
53009.000000
53048.000000
52985.000000
52967.000000
53030.000000
52967.000000
52949.000000
53030.000000
52913.000000
52934.000000
53030.000000
53048.000000
53045.000000
54326.000000
52928.000000
52982.000000
52973.000000
52955.000000
52949.000000
52961.000000
52949.000000
53021.000000
52949.000000
52967.000000
52949.000000
52973.000000
52955.000000
53030.000000
52973.000000
52985.000000
53030.000000
52949.000000
53045.000000
52967.000000
52946.000000
53045.000000
52982.000000
53009.000000
53045.000000
52967.000000
53030.000000
52973.000000
53015.000000
53030.000000
53030.000000
53030.000000
52949.000000
52973.000000
52958.000000
52949.000000
52967.000000
52949.000000
52940.000000
53030.000000
53021.000000
52949.000000
53030.000000
52991.000000
52967.000000
52928.000000
52967.000000
52913.000000
52961.000000
52940.000000
52856.000000