53156.000000
52913.000000
53303.000000
53285.000000
53288.000000
53288.000000
53291.000000
52799.000000
52799.000000
52799.000000
53291.000000
52790.000000
52793.000000
52799.000000
53285.000000
52796.000000
53282.000000
53285.000000
53285.000000
52796.000000
52796.000000
52796.000000
52796.000000
52796.000000
52796.000000
52796.000000
52799.000000
53291.000000
52796.000000
53285.000000
53288.000000
52799.000000
52796.000000
52793.000000
52796.000000
52799.000000
53291.000000
52796.000000
52796.000000
52799.000000
52790.000000
52784.000000
52796.000000
52799.000000
52796.000000
52787.000000
52784.000000
53282.000000
52796.000000
52799.000000
53288.000000
53279.000000
52787.000000
52796.000000
53288.000000
53288.000000
52799.000000
52784.000000
52787.000000
53288.000000
53291.000000
52799.000000
53288.000000
52796.000000
52796.000000
52790.000000
52784.000000
52796.000000
52796.000000
404918.000000
52799.000000
53273.000000
52802.000000
52784.000000
54371.000000
52817.000000
52796.000000
53285.000000
53279.000000
52799.000000
53288.000000
52796.000000
52787.000000
52793.000000
52796.000000
52790.000000
52787.000000
52790.000000
52799.000000
52787.000000
53285.000000
52799.000000
52814.000000
52796.000000
52793.000000
52799.000000
52799.000000
52799.000000
52796.000000
52814.000000
52799.000000
53288.000000
53291.000000
53288.000000
53288.000000
53288.000000
52793.000000
52817.000000
52799.000000
52814.000000
52796.000000
52790.000000
53285.000000
52799.000000
52796.000000
53285.000000
52790.000000
52814.000000
53288.000000
53288.000000
52796.000000
52814.000000
52799.000000
52817.000000
52787.000000
53288.000000
53291.000000
53288.000000
52817.000000
52799.000000
53288.000000
53291.000000
52805.000000
52799.000000
52802.000000
52796.000000
52799.000000
52796.000000
53288.000000
52793.000000
53285.000000
52799.000000
52796.000000
52787.000000
52799.000000
52817.000000
52802.000000
54395.000000
53285.000000
52799.000000
53291.000000
52802.000000
52805.000000
53285.000000
52790.000000
52802.000000
53291.000000
53288.000000
53279.000000
52793.000000
52793.000000
52793.000000
52796.000000
52799.000000
52799.000000
52790.000000
53279.000000
52790.000000
52793.000000
67970.000000
52790.000000
52796.000000
52793.000000
52802.000000
52817.000000
52796.000000
52796.000000
52796.000000
52817.000000
53288.000000
53279.000000
52799.000000
53288.000000
52817.000000
52817.000000
53291.000000
53288.000000
52799.000000
52796.000000
53294.000000
52811.000000
52817.000000
52802.000000
52790.000000
52802.000000
52799.000000
52814.000000
52817.000000
52814.000000
53288.000000
53279.000000
52823.000000
52799.000000
53288.000000
53288.000000
53279.000000
52802.000000
52820.000000
52793.000000
52817.000000
52814.000000
52790.000000
52799.000000
52808.000000
53288.000000
52790.000000
53285.000000
52787.000000
52799.000000
53288.000000
54275.000000
52784.000000
52793.000000
52787.000000
52805.000000
52799.000000
52799.000000
52799.000000
52799.000000
52787.000000
52796.000000
52796.000000
52799.000000
53291.000000
53291.000000
53288.000000
53291.000000
52790.000000
52796.000000
53285.000000
267152.000000
55757.000000
53282.000000
52793.000000
52796.000000
52787.000000
52799.000000
52790.000000
52787.000000
53285.000000
53288.000000
53285.000000
53285.000000
53279.000000
52799.000000
52796.000000
53285.000000
53291.000000
52796.000000
52829.000000
52796.000000
52787.000000
52796.000000
53288.000000
52787.000000
52796.000000
53288.000000
53285.000000
52793.000000
53288.000000
52796.000000
53279.000000
52799.000000
53288.000000
53288.000000
53291.000000
52793.000000
53282.000000
52787.000000
53291.000000
53291.000000
53288.000000
53288.000000
52796.000000
52799.000000
52799.000000
52796.000000
53288.000000
52796.000000
53291.000000
276626.000000
52793.000000
52793.000000
54401.000000
52796.000000
52793.000000
52793.000000
52796.000000
52799.000000
53291.000000
53285.000000
53291.000000
52799.000000
52796.000000
52793.000000
52796.000000
52799.000000
52799.000000
53288.000000
52799.000000
52793.000000
52799.000000
52796.000000
52802.000000
53288.000000
52802.000000
52799.000000
52814.000000
52793.000000
52790.000000
52796.000000
52802.000000
52799.000000
52793.000000
52799.000000
53291.000000
53291.000000
52817.000000
52799.000000
52817.000000
52787.000000
52796.000000
53285.000000
53288.000000
52799.000000
52793.000000
52787.000000
52793.000000
52784.000000
52799.000000
52793.000000
53288.000000
53276.000000
52799.000000
52787.000000
52790.000000
52805.000000
52799.000000
53288.000000
53291.000000
53288.000000
52796.000000
53294.000000
52799.000000
52799.000000
52799.000000
52802.000000
52799.000000
53291.000000
53288.000000
52796.000000
53291.000000
52811.000000
53285.000000
52811.000000
53291.000000
54350.000000
52823.000000
52793.000000
52787.000000
53291.000000
53291.000000
53291.000000
53288.000000
52844.000000
53291.000000
53294.000000
53288.000000
52793.000000
53279.000000
52790.000000
52784.000000
52796.000000
52790.000000
52787.000000
53288.000000
52793.000000
52799.000000
52796.000000
52799.000000
53291.000000
52784.000000
52793.000000
52799.000000
52787.000000
52790.000000
52790.000000
52790.000000
52799.000000
53288.000000
52796.000000
53282.000000
52784.000000
52799.000000
53288.000000
53285.000000
53291.000000
52796.000000
53288.000000
53288.000000
52799.000000
52802.000000
52793.000000
52799.000000
52796.000000
52802.000000
52802.000000
52799.000000
52805.000000
52799.000000
53291.000000
53288.000000
53288.000000
239372.000000
56204.000000
52793.000000
52793.000000
52799.000000
53291.000000
52796.000000
53291.000000
52796.000000
52796.000000
52796.000000
52802.000000
53291.000000
52793.000000
52796.000000
52805.000000
54392.000000
53285.000000
52784.000000
52793.000000
52799.000000
53285.000000
52799.000000
52799.000000
53291.000000
53288.000000
52802.000000
52799.000000
52799.000000
53288.000000
53294.000000
52793.000000
52796.000000
52799.000000
53297.000000
52799.000000
53285.000000
53291.000000
52817.000000
53291.000000
52799.000000
52799.000000
52799.000000
52790.000000
52796.000000
52790.000000
52790.000000
52790.000000
52790.000000
52799.000000
52793.000000
52799.000000
52799.000000
52802.000000
53291.000000
53294.000000
52793.000000
52793.000000
52790.000000
52793.000000
52802.000000
52796.000000
52802.000000
52787.000000
52796.000000
53288.000000
52796.000000
52799.000000
52799.000000
52802.000000
52799.000000
53294.000000
52799.000000
53294.000000
52799.000000
52790.000000
52799.000000
53288.000000
52799.000000
52799.000000
53291.000000
53282.000000
52796.000000
52790.000000
52829.000000
52820.000000
52796.000000
52802.000000
53285.000000
54512.000000
52796.000000
52787.000000
53291.000000
52799.000000
53294.000000
52799.000000
52805.000000
52796.000000
52799.000000
52796.000000
53288.000000
53279.000000
52787.000000
53279.000000
52793.000000
52784.000000
52796.000000
52796.000000
52790.000000
52787.000000
53288.000000
52796.000000
53306.000000
52787.000000
52799.000000
52793.000000
52796.000000
52799.000000
52796.000000
52796.000000
52802.000000
53291.000000
53285.000000
53288.000000
52820.000000
52799.000000
53285.000000
52799.000000
52799.000000
53291.000000
53291.000000
52799.000000
52799.000000
52799.000000
52799.000000
53288.000000
52817.000000
52799.000000
53291.000000
52814.000000
52799.000000
52796.000000
53282.000000
52799.000000
52796.000000
53291.000000
52796.000000
53294.000000
52781.000000
52802.000000
53276.000000
52790.000000
53288.000000
53288.000000
53282.000000
52787.000000
52796.000000
53285.000000
53285.000000
52796.000000
52796.000000
52802.000000
54872.000000
53288.000000
52793.000000
53294.000000
52799.000000
52796.000000
52793.000000
52796.000000
52787.000000
53282.000000
52799.000000
53279.000000
52799.000000
53288.000000
53294.000000
52790.000000
52799.000000
57320.000000
52793.000000
53279.000000
52796.000000
52784.000000
52802.000000
53288.000000
52799.000000
52799.000000
53291.000000
52796.000000
53279.000000
52799.000000
52817.000000
53288.000000
52799.000000
52799.000000
53291.000000
53288.000000
53282.000000
52796.000000
52796.000000
52799.000000
52802.000000
52787.000000
53291.000000
52817.000000
52799.000000
52817.000000
52799.000000
53291.000000
53282.000000
52787.000000
53291.000000
53294.000000
52799.000000
52817.000000
52799.000000
52802.000000
52802.000000
53294.000000
52799.000000
52802.000000
52799.000000
53291.000000
53288.000000
53279.000000
52793.000000
52799.000000
52817.000000
52790.000000
52790.000000
52802.000000
52799.000000
52799.000000
52799.000000
52787.000000
54929.000000
53288.000000
53291.000000
52796.000000
52799.000000
52790.000000
52796.000000
52799.000000
52799.000000
52799.000000
52799.000000
53294.000000
52793.000000
52799.000000
52799.000000
52787.000000
52796.000000
53291.000000
53288.000000
53288.000000
52784.000000
53291.000000
53288.000000
53288.000000
52799.000000
52793.000000
52796.000000
52802.000000
52799.000000
52799.000000
52796.000000
15442874.000000
61334.000000
61121.000000
61073.000000
61097.000000
61070.000000
61172.000000
61049.000000
61058.000000
54140.000000
54173.000000
54146.000000
54152.000000
54227.000000
54143.000000
54215.000000
54191.000000
54173.000000
54161.000000
54161.000000
54374.000000
54191.000000
54155.000000
54158.000000
54125.000000
54275.000000
54128.000000
54167.000000
54146.000000
54125.000000
54164.000000
54614.000000
54233.000000
54125.000000
54230.000000
54266.000000
54644.000000
54668.000000
54215.000000
54704.000000
54122.000000
54635.000000
54233.000000
54158.000000
54155.000000
54206.000000
54695.000000
54212.000000
54128.000000
54227.000000
54143.000000
54173.000000
54653.000000
54116.000000
54626.000000
54263.000000
54734.000000
54227.000000
54245.000000
54689.000000
54230.000000
54671.000000
54158.000000
54161.000000
54284.000000
54296.000000
54206.000000
54203.000000
54215.000000
54365.000000
54257.000000
54296.000000
54299.000000
54227.000000
54668.000000
54221.000000
54215.000000
54170.000000
54239.000000
54734.000000
54221.000000
54746.000000
54239.000000
244790.000000
54437.000000
54659.000000
54242.000000
54287.000000
54188.000000
54245.000000
54185.000000
54221.000000
54734.000000
54242.000000
54173.000000
54191.000000
54170.000000
54314.000000
69623.000000
54773.000000
54359.000000
54356.000000
54272.000000
54305.000000
54263.000000
54296.000000
54278.000000
54251.000000
54230.000000
54239.000000
54224.000000
54938.000000
54245.000000
54200.000000
54227.000000
54200.000000
54269.000000
54191.000000
54293.000000
54380.000000
54278.000000
54290.000000
54191.000000
54167.000000
54356.000000
54161.000000
54809.000000
54251.000000
54188.000000
54284.000000
54473.000000
54782.000000
54170.000000
54698.000000
54662.000000
54167.000000
54242.000000
54191.000000
54209.000000
54203.000000
54332.000000
54194.000000
54179.000000
54164.000000
54233.000000
54140.000000
54242.000000
54194.000000
54326.000000
259016.000000
54362.000000
54293.000000
54854.000000
54776.000000
54644.000000
54242.000000
54167.000000
54230.000000
54248.000000
54314.000000
54341.000000
54200.000000
54299.000000
54245.000000
54239.000000
54317.000000
54185.000000
54800.000000
54755.000000
54239.000000
54689.000000
54260.000000
54326.000000
54242.000000
54257.000000
54254.000000
54263.000000
54236.000000
54302.000000
54218.000000
54806.000000
54161.000000
54740.000000
54782.000000
54740.000000
54317.000000
54824.000000
54755.000000
54281.000000
54221.000000
54278.000000
54236.000000
54185.000000
54245.000000
54686.000000
54290.000000
54248.000000
54704.000000
54794.000000
54221.000000
54680.000000
54302.000000
54188.000000
130277.000000
113936.000000
104693.000000
62873.000000
61898.000000
61370.000000
61151.000000
61715.000000
61271.000000
61868.000000
61094.000000
61811.000000
56396.000000
75005.000000
54299.000000
54767.000000
54956.000000
54314.000000
54695.000000
54272.000000
54179.000000
54305.000000
54332.000000
54224.000000
54776.000000
54266.000000
54404.000000
54278.000000
54764.000000
54830.000000
54761.000000
54305.000000
54713.000000
54287.000000
54296.000000
54869.000000
54791.000000
54818.000000
54248.000000
54722.000000
54287.000000
54749.000000
391955.000000
54962.000000
54836.000000
54287.000000
54209.000000
54722.000000
54140.000000
54131.000000
54170.000000
54155.000000
54248.000000
54695.000000
54164.000000
54653.000000
54176.000000
54302.000000
54179.000000
54224.000000
54725.000000
54116.000000
54215.000000
54152.000000
54152.000000
54227.000000
54239.000000
54686.000000
54656.000000
54161.000000
54182.000000
54746.000000
54203.000000
54710.000000
54341.000000
54374.000000
54719.000000
54287.000000
54842.000000
54773.000000
54386.000000
54227.000000
54248.000000
54311.000000
54269.000000
54224.000000
54176.000000
54185.000000
54326.000000
54182.000000
54704.000000
54728.000000
54230.000000
54179.000000
54788.000000
54284.000000
54170.000000
54356.000000
54782.000000
54668.000000
54707.000000
54215.000000
54194.000000
54704.000000
54749.000000
54176.000000
54212.000000