10005.000000
8925.000000
11084.000000
10452.000000
9957.000000
9495.000000
9384.000000
8640.000000
8592.000000
8709.000000
8433.000000
8484.000000
8751.000000
8604.000000
8715.000000
8649.000000
8832.000000
8478.000000
8526.000000
8913.000000
8562.000000
8637.000000
8547.000000
8760.000000
8637.000000
8613.000000
8709.000000
8541.000000
8499.000000
8529.000000
8547.000000
8673.000000
8637.000000
8520.000000
10761.000000
9519.000000
8844.000000
9111.000000
8922.000000
8835.000000
8820.000000
8724.000000
8910.000000
8346.000000
8382.000000
8415.000000
8415.000000
8487.000000
8451.000000
8328.000000
8388.000000
8319.000000
8412.000000
8544.000000
8361.000000
10110.000000
9984.000000
9693.000000
9453.000000
9318.000000
8751.000000
8682.000000
8604.000000
9051.000000
8580.000000
8607.000000
8907.000000
8238.000000
8328.000000
8334.000000
8211.000000
8241.000000
8184.000000
8241.000000
10455.000000
9339.000000
8352.000000
8172.000000
8307.000000
8256.000000
8352.000000
8247.000000
8292.000000
8223.000000
8280.000000
8262.000000
8331.000000
8235.000000
8541.000000
8370.000000
8310.000000
8292.000000
8355.000000
8358.000000
8331.000000
8373.000000
8244.000000
8274.000000
8238.000000
8181.000000
8652.000000
8214.000000
8160.000000
8286.000000
8139.000000
8283.000000
8322.000000
8223.000000
8271.000000
8238.000000
8106.000000
8373.000000
8085.000000
8217.000000
8274.000000
8202.000000
8349.000000
8247.000000
8277.000000
8271.000000
8457.000000
8565.000000
8334.000000
9819.000000
8409.000000
8481.000000
8310.000000
8370.000000
8382.000000
8262.000000
9156.000000
21144.000000
10047.000000
8754.000000
8361.000000
8406.000000
8439.000000
8418.000000
8343.000000
8385.000000
8286.000000
8427.000000
8487.000000
8409.000000
8361.000000
8322.000000
8331.000000
11559.000000
8334.000000
8430.000000
8217.000000
8433.000000
8385.000000
8451.000000
8448.000000
8406.000000
8625.000000
8466.000000
8247.000000
8478.000000
8250.000000
8379.000000
8259.000000
8373.000000
8580.000000
8244.000000
8331.000000
8253.000000
8139.000000
8328.000000
8277.000000
8451.000000
8241.000000
8220.000000
8298.000000
8451.000000
8406.000000
8412.000000
8268.000000
8328.000000
8241.000000
8193.000000
8229.000000
8385.000000
8508.000000
8274.000000
8304.000000
8400.000000
8271.000000
8295.000000
8235.000000
8271.000000
8403.000000
8880.000000
8343.000000
8445.000000
8409.000000
8250.000000
8169.000000
8169.000000
8475.000000
8433.000000
8400.000000
8205.000000
8223.000000
8400.000000
8349.000000
8235.000000
8469.000000
8346.000000
8289.000000
8355.000000
8316.000000
8286.000000
8406.000000
8151.000000
8514.000000
10104.000000
8541.000000
8406.000000
8379.000000
8430.000000
8757.000000
8466.000000
8265.000000
8427.000000
8427.000000
8643.000000
8346.000000
8352.000000
8382.000000
8358.000000
8343.000000
8406.000000
8421.000000
8637.000000
8457.000000
8583.000000
8442.000000
8457.000000
8514.000000
9444.000000
9009.000000
8760.000000
8724.000000
8688.000000
8358.000000
8634.000000
8472.000000
8592.000000
8511.000000
8202.000000
8229.000000
8367.000000
8232.000000
8280.000000
8175.000000
8634.000000
8463.000000
8400.000000
8400.000000
8253.000000
8442.000000
8367.000000
8172.000000
8208.000000
8295.000000
8505.000000
8373.000000
8853.000000
8367.000000
8508.000000
11610.000000
8469.000000
8502.000000
8439.000000
8337.000000
8274.000000
8583.000000
8454.000000
8790.000000
8394.000000
8679.000000
8316.000000
8784.000000
8487.000000
8229.000000
8535.000000
8592.000000
8517.000000
8406.000000
8379.000000
8208.000000
8376.000000
8316.000000
8367.000000
8730.000000
8361.000000
8325.000000
8214.000000
10251.000000
8397.000000
8457.000000
8577.000000
8583.000000
8628.000000
8559.000000
8403.000000
9057.000000
8685.000000
8457.000000
8595.000000
8394.000000
8484.000000
8526.000000
8430.000000
8490.000000
8424.000000
8346.000000
8535.000000
8349.000000
8781.000000
8502.000000
8502.000000
8529.000000
8481.000000
8514.000000
8502.000000
8418.000000
8406.000000
8319.000000
8469.000000
8394.000000
8544.000000
8682.000000
8469.000000
8577.000000
8433.000000
8523.000000
8544.000000
8535.000000
8619.000000
8397.000000
8376.000000
8712.000000
8496.000000
8487.000000
8340.000000
8841.000000
8349.000000
8268.000000
8358.000000
8247.000000
8325.000000
8232.000000
8289.000000
8319.000000
8496.000000
8379.000000
8220.000000
8346.000000
8481.000000
8355.000000
8301.000000
8394.000000
8304.000000
8427.000000
8349.000000
8358.000000
8520.000000
8367.000000
10386.000000
9822.000000
9777.000000
8403.000000
8517.000000
8253.000000
8436.000000
8355.000000
8154.000000
8268.000000
8337.000000
8370.000000
8343.000000
8325.000000
8343.000000
8106.000000
8343.000000
8226.000000
10194.000000
8298.000000
8298.000000
8511.000000
8349.000000
8379.000000
8172.000000
8235.000000
8154.000000
8124.000000
8532.000000
8133.000000
8226.000000
8235.000000
8286.000000
8445.000000
8136.000000
8349.000000
8496.000000
8283.000000
8541.000000
8289.000000
8772.000000
8238.000000
8406.000000
8220.000000
8211.000000
8796.000000
8154.000000
8436.000000
8256.000000
8244.000000
8376.000000
8238.000000
8370.000000
8211.000000
8190.000000
8265.000000
8178.000000
8382.000000
8391.000000
8430.000000
8292.000000
8259.000000
8211.000000
8256.000000
8475.000000
8172.000000
8229.000000
8139.000000
8400.000000
8316.000000
10497.000000
8451.000000
8604.000000
8349.000000
8334.000000
8415.000000
8490.000000
8694.000000
8508.000000
8448.000000
8346.000000
8442.000000
8418.000000
8526.000000
8481.000000
8355.000000
8316.000000
8547.000000
8298.000000
8412.000000
8403.000000
8412.000000
8514.000000
8337.000000
8388.000000
8373.000000
8403.000000
8505.000000
8463.000000
8397.000000
8511.000000
8397.000000
8925.000000
8568.000000
38600.000000
9933.000000
12123.000000
33636.000000
11661.000000
12144.000000
9036.000000
8790.000000
8598.000000
9081.000000
8685.000000
8676.000000
8427.000000
8529.000000
8835.000000
8385.000000
8496.000000
8502.000000
8223.000000
8634.000000
8415.000000
8529.000000
8370.000000
8415.000000
8661.000000
20716.000000
10468.000000
10320.000000
10240.000000
8499.000000
8523.000000
8379.000000
8559.000000
8316.000000
8436.000000
8772.000000
8472.000000
8544.000000
8637.000000
8433.000000
8481.000000
8439.000000
8568.000000
8526.000000
8394.000000
8541.000000
8553.000000
8547.000000
8607.000000
8382.000000
8382.000000
8328.000000
8826.000000
8541.000000
8346.000000
8256.000000
8367.000000
8553.000000
8391.000000
8697.000000
8382.000000
8280.000000
8652.000000
8559.000000
8322.000000
8298.000000
8475.000000
8340.000000
8457.000000
8256.000000
11358.000000
8607.000000
8409.000000
8226.000000
8586.000000
8361.000000
8517.000000
8475.000000
8391.000000
8493.000000
8352.000000
8478.000000
8463.000000
8328.000000
8463.000000
8280.000000
8340.000000
8442.000000
8535.000000
8508.000000
8208.000000
8289.000000
8346.000000
8574.000000
8535.000000
8244.000000
8658.000000
8361.000000
8214.000000
8649.000000
8415.000000
8697.000000
8373.000000
8340.000000
8517.000000
8412.000000
8502.000000
8547.000000
8427.000000
8502.000000
8595.000000
8409.000000
8598.000000
8406.000000
8544.000000
8430.000000
8496.000000
8499.000000
8484.000000
8475.000000
8505.000000
8520.000000
8607.000000
8451.000000
8277.000000
8502.000000
8565.000000
8448.000000
8292.000000
8349.000000
8268.000000
8352.000000
8607.000000
8469.000000
8511.000000
8433.000000
8505.000000
8484.000000
8400.000000
8325.000000
8397.000000
8172.000000
8472.000000
30138.000000
9699.000000
9030.000000
8745.000000
8676.000000
8907.000000
8706.000000
8880.000000
8454.000000
8382.000000
8454.000000
8259.000000
8430.000000
8340.000000
8358.000000
8421.000000
9123.000000
8472.000000
8283.000000
8313.000000
8433.000000
8415.000000
8565.000000
8385.000000
8460.000000
8586.000000
8571.000000
8424.000000
8226.000000
8457.000000
8421.000000
8370.000000
8241.000000
8418.000000
8547.000000
8184.000000
8319.000000
8256.000000
8256.000000
8400.000000
8448.000000
8277.000000
8403.000000
8349.000000
8625.000000
8547.000000
8445.000000
8289.000000
8448.000000
8535.000000
8517.000000
8331.000000
8397.000000
8373.000000
8292.000000
8451.000000
8385.000000
8283.000000
8175.000000
8301.000000
8511.000000
8451.000000
8394.000000
8460.000000
8565.000000
8301.000000
8259.000000
8250.000000
8256.000000
8274.000000
8133.000000
8262.000000
8361.000000
8133.000000
8538.000000
8112.000000
8301.000000
8439.000000
8238.000000
8097.000000
8754.000000
8445.000000
8229.000000
8238.000000
8184.000000
8307.000000
8313.000000
8130.000000
8343.000000
8253.000000
8361.000000
8448.000000
8409.000000
8304.000000
8244.000000
8295.000000
8730.000000
8235.000000
8538.000000
10317.000000
8292.000000
8352.000000
8100.000000
8274.000000
8355.000000
8277.000000
8445.000000
8145.000000
8241.000000
8163.000000
8244.000000
11421.000000
19251.000000
10086.000000
9180.000000
9243.000000
8475.000000
8394.000000
8556.000000
8412.000000
8544.000000
8463.000000
8451.000000
8559.000000
8235.000000
8286.000000
8145.000000
8127.000000
8325.000000
8208.000000
8382.000000
8160.000000
8100.000000
8352.000000
8190.000000
8226.000000
8673.000000
8511.000000
8463.000000
8310.000000
8547.000000
8544.000000
8859.000000
8460.000000
8988.000000
8289.000000
8328.000000
8265.000000
8367.000000
8625.000000
8355.000000
8376.000000
8382.000000
8364.000000
8514.000000
8448.000000
8361.000000
8325.000000
8316.000000
8421.000000
8556.000000
8592.000000
8469.000000
8433.000000
8490.000000
8478.000000
8562.000000
8454.000000
8436.000000
8385.000000
8535.000000
8301.000000
8550.000000
8400.000000
8313.000000
8673.000000
8379.000000
8463.000000
8325.000000
8418.000000
8604.000000
8469.000000
8415.000000
8451.000000
8358.000000
8544.000000
8415.000000
8433.000000
8601.000000
10506.000000
8463.000000
8469.000000
8481.000000
8334.000000
8502.000000
8448.000000
8370.000000
8319.000000
8445.000000
8664.000000
8715.000000
8577.000000
8511.000000
8376.000000
8535.000000
8526.000000
8340.000000
8382.000000
9048.000000
8598.000000
8595.000000
8472.000000
8517.000000
8502.000000
8541.000000
8547.000000
8472.000000
8358.000000
8520.000000
8424.000000
8667.000000
8442.000000
8445.000000
8469.000000
8394.000000
8748.000000
8466.000000
8514.000000
8610.000000
8655.000000
8502.000000
8553.000000
8484.000000
8493.000000
8436.000000
8472.000000
8349.000000
8502.000000
8322.000000
8538.000000
8361.000000
8463.000000
8421.000000
8370.000000
8532.000000
8337.000000
8364.000000
8418.000000
8406.000000
8277.000000
8469.000000
8355.000000
8394.000000
8472.000000
8352.000000
8412.000000
8487.000000
8457.000000
8517.000000
8403.000000
8478.000000
8424.000000
8385.000000
8409.000000
10239.000000
9825.000000
9789.000000
8904.000000
8721.000000
8649.000000
11850.000000
8964.000000
8331.000000
8349.000000
8313.000000
8313.000000
8463.000000
8973.000000
8364.000000
8424.000000
10905.000000
9591.000000
9681.000000
9276.000000
9438.000000
9372.000000
9201.000000
9258.000000
9195.000000
9318.000000
9291.000000
9198.000000
9207.000000
9564.000000
9240.000000
9093.000000
9342.000000
9165.000000
9249.000000
9684.000000
9648.000000
9492.000000
9228.000000
9243.000000
9513.000000
9360.000000
9396.000000
9447.000000
9126.000000
9300.000000
9345.000000
9318.000000
9306.000000
9492.000000
9519.000000
9309.000000
9285.000000
9495.000000
9417.000000
9435.000000
9537.000000
9405.000000
9816.000000
9228.000000
9393.000000
9408.000000
9342.000000
9369.000000
9300.000000
9381.000000
9399.000000
11790.000000
9477.000000
9498.000000
9606.000000
9849.000000
9210.000000
9369.000000
9318.000000
9333.000000
9549.000000
9285.000000
9387.000000
9543.000000
9315.000000
9189.000000
9270.000000
9378.000000
9327.000000
9525.000000
9354.000000
9330.000000
9696.000000
9237.000000
9417.000000
9285.000000
9345.000000
9426.000000
9300.000000
9297.000000
9312.000000
9300.000000
9186.000000
9480.000000
9573.000000
9318.000000
9630.000000
9561.000000
9672.000000
20193.000000
12426.000000
32745.000000
11622.000000
10737.000000
10692.000000
10299.000000
9264.000000
9570.000000
9276.000000
9336.000000
9552.000000
9291.000000